,prob
-100,0.004617401789887313
-99,0.004870618539435533
-98,0.0051376499357238
-97,0.005419241587864957
-96,0.005716178438879418
-95,0.006029286738283092
-94,0.006359436101939051
-93,0.00670754166166413
-92,0.007074566306975252
-91,0.007461523021223528
-90,0.007869477314193263
-89,0.008299549753033585
-88,0.008752918593137739
-87,0.009230822510284084
-86,0.009734563434997845
-85,0.010265509489677542
-84,0.010825098028548292
-83,0.01141483877994849
-82,0.012036317089819185
-81,0.012691197264538379
-80,0.013381226010416566
-79,0.014108235966236136
-78,0.014874149324164582
-77,0.015680981533190974
-76,0.01653084507791396
-75,0.017425953324037343
-74,0.01836862442029347
-73,0.019361285244703073
-72,0.02040647538108045
-71,0.021506851109492218
-70,0.02266518939196412
-69,0.023884391832091303
-68,0.02516748858433206
-67,0.026517642185642315
-66,0.02793815127873018
-65,0.029432454192567716
-64,0.03100413234188854
-63,0.03265691340322057
-62,0.03439467422055694
-61,0.03622144338906048
-60,0.03814140346024019
-59,0.040158892706850365
-58,0.04227840638036939
-57,0.04450459738835121
-56,0.04684227631325153
-55,0.04929641068856868
-54,0.05187212344237457
-53,0.054574690412626504
-52,0.057409536833142684
-51,0.06038223268391048
-50,0.06349848679460769
-49,0.06676413958600723
-48,0.0701851543304773
-47,0.0737676068102758
-46,0.07751767325098445
-45,0.08144161640746989
-44,0.08554576968144914
-43,0.08983651915334757
-42,0.09432028341695527
-41,0.09900349111370432
-40,0.10389255607450833
-39,0.10899384999132208
-38,0.1143136725581762
-37,0.11985821904268774
-36,0.12563354527416815
-35,0.13164553006363108
-34,0.13789983510436143
-33,0.14440186243928838
-32,0.15115670962315222
-31,0.15816912275319714
-30,0.16544344759156257
-29,0.17298357905523118
-28,0.18079290940471027
-27,0.18887427551978772
-26,0.1972299057087412
-25,0.20586136655513693
-24,0.21476951036248967
-23,0.22395442381007652
-22,0.23341537848143676
-21,0.24315078396880582
-20,0.253158144290065
-19,0.2634340183779051
-18,0.2739739854119691
-17,0.2847726157620718
-16,0.29582344829266727
-15,0.3071189747443209
-14,0.31865063185614206
-13,0.3304088018234938
-12,0.34238282159785544
-11,0.3545610014310647
-10,0.36693065294549887
-9,0.3794781268768672
-8,0.3921888604895809
-7,0.40504743450910663
-6,0.4180376392547644
-5,0.4311425494939749
-4,0.4443446073791498
-3,0.4576257126755697
-2,0.47096731934698666
-1,0.48435053743946505
0,0.4977562390968783
1,0.5111651674568214
2,0.5245580471160797
3,0.5379156948221124
4,0.5512191290422922
5,0.5644496770860399
6,0.5775890785057604
7,0.5906195835790357
8,0.6035240457744395
9,0.6162860072235729
10,0.6288897763588116
11,0.6413204970258322
12,0.6535642085379296
13,0.6656078963011993
14,0.6774395328015463
15,0.6890481089022567
16,0.7004236555508941
17,0.7115572561334206
18,0.722441049839095
19,0.7330682265098802
20,0.7434330135413767
21,0.753530655477932
22,0.7633573870023164
23,0.772910400060509
24,0.7821878058854569
25,0.791188592691291
26,0.7999125798028297
27,0.8083603689659112
28,0.8165332935539868
29,0.8244333663472817
30,0.8320632265145725
31,0.8394260863760257
32,0.8465256784702636
33,0.8533662033914633
34,0.8599522788042006
35,0.8662888899861885
36,0.872381342193017
37,0.878235215085365
38,0.8838563194085655
39,0.8892506560673902
40,0.8944243776958053
41,0.8993837527824671
42,0.9041351323779536
43,0.908684919379159
44,0.913039540359815
45,0.917205419893587
46,0.921188957297399
47,0.9249965057073285
48,0.9286343533872864
49,0.9321087071614785
50,0.9354256778550225
51,0.9385912676227796
52,0.9416113590441553
53,0.9444917058610639
54,0.9472379252371588
55,0.9498554914185866
56,0.9523497306796863
57,0.9547258174410287
58,0.9569887714518126
59,0.9591434559337136
60,0.9611945765887103
61,0.9631466813790469
62,0.9650041609932394
63,0.9667712499178047
64,0.968452028040113
65,0.9700504227133749
66,0.9715702112202312
67,0.9730150235766717
68,0.9743883456230481
69,0.9756935223537356
70,0.976933761441535
71,0.9781121369171764
72,0.9792315929682814
73,0.9802949478258776
74,0.9813048977100156
75,0.9822640208092589
76,0.9831747812717596
77,0.9840395331883621
78,0.984860524550657
79,0.9856399011691812
80,0.9863797105390264
81,0.9870819056419885
82,0.9877483486760862
83,0.9883808147048024
84,0.9889809952197713
85,0.9895505016118602
86,0.9900908685466915
87,0.9906035572416212
88,0.9910899586420499
89,0.9915513964957039
90,0.9919891303241887
91,0.9924043582917
92,0.9927982199712827
93,0.9931717990094646
94,0.9935261256904667
95,0.9938621794015103
96,0.9941808910010087
97,0.994483145091655
98,0.9947697822006019
99,0.9950416008690738
100,0.9952993596538733
