,pi_i
1102,0.0019934158536287013
1103,0.002048039864803909
1104,0.006740236741908091
1106,0.0021004314862020724
1108,0.004174980629748547
1109,0.0007076062980009267
1110,0.0020725800225020103
1111,0.002404800678411122
1112,0.005211879285852241
1113,0.0032242026472127264
1114,0.003843058295743444
1116,0.006329199041671088
1117,0.0026896903993844958
1119,0.0032425987368066484
1120,0.005497277365789217
1121,0.0014887984215351167
1122,0.0018508594085501569
1123,0.003850786529935713
1124,0.002636118774810356
1126,0.0012814626876559135
1129,0.002858788658828485
1130,0.005815367177321905
1131,0.003380447409818937
1132,0.0026774824519437595
1133,0.004473728135178892
1134,0.001893287400802504
1135,0.0023460827732720785
1137,0.00263927648135775
1139,0.003008437194433174
1140,0.0034152444486352383
1141,0.0024121351871637976
1143,0.0030462772529167748
1144,0.0014780452540970265
1145,0.0038593036865748275
1147,0.0015525245329050877
1149,0.0020184400064575474
1150,0.001924124154587747
1151,0.0032629427694190936
1152,0.003643484254155173
1153,0.003926380863068946
1154,0.002654620735899213
1155,0.004576182156608482
1156,0.0036513267594484714
1159,0.0011701627931733065
1160,0.002669445216939731
1161,0.0031463452535075882
1162,0.00231871106266503
1163,0.0042169669432025846
1165,0.002743191684915863
1166,0.0035782932320945113
1168,0.0032820988539883477
1171,0.0013741595625879719
1172,0.0028800557124612687
1173,0.005019658413018968
1174,0.0018996865494339999
1175,0.0017477429387383614
1177,0.005840662847618618
1178,0.003973978831830061
1179,0.0026674698958266563
1180,0.002253142590345153
1181,0.007728211523147506
1182,0.002336406251635508
1183,0.003346818797979775
1184,0.002928938319150106
1185,0.003947960098038603
1186,0.0018013686790964735
1187,0.001980017571314509
1190,0.001977163255952173
1191,0.0029295936441560695
1192,0.003209494664502545
1193,0.002623589726410102
1196,0.0053766624982607225
1197,0.0017809983565110906
1199,0.004793761644505557
1200,0.0044918432641687855
1201,0.0038124600242465576
1202,0.0020040867581543093
1203,0.003491165710210777
1204,0.003366170215324405
1206,0.0041890628180662305
1207,0.009271343310060635
1208,0.006785574352690615
1209,0.0013318140407530658
1210,0.007698934348751163
1211,0.0027933365271517094
1212,0.0013485632069332879
1215,0.002164721414271409
1216,0.001926874766398164
1217,0.0019291329190560835
1218,0.002583636362297508
1220,0.002456519754096887
1221,0.002354464227575522
1222,0.0039846527470477995
1223,0.003282565676631057
1224,0.002648635963394723
1225,0.0022275640752365345
1226,0.0028131707859986527
1227,0.002294763569399834
1228,0.008985868357316296
1229,0.00475251363622055
1231,0.006256531421374481
1232,0.0036063684149306727
1233,0.004467317720614564
1234,0.007603593324055326
1235,0.005085465847418289
1238,0.0020904185460655102
1239,0.0038544945116339205
1241,0.0030271622548192698
1242,0.006129138921130683
1243,0.003634747875008122
1245,0.004151261960437006
1246,0.005487411269335983
1247,0.00327129542836426
1248,0.002447574717459475
1249,0.005498052643812107
1250,0.002113065248675939
1253,0.0016612252643978022
1254,0.002490481625108784
1256,0.005913984690405199
1257,0.004870463820157783
1258,0.0022238355870921023
1259,0.002579395558402013
1260,0.006132921873514593
1261,0.005867111767607308
1263,0.0019247250763558207
1264,0.0026865225026092543
1265,0.003173662053761709
1266,0.004485553276079677
1267,0.003980222750205508
1268,0.007282287382059747
1269,0.0029216873720002904
1270,0.0034306736932702554
1271,0.0009839322608647017
1272,0.007774025255398689
1273,0.004022736918647665
1275,0.004848917987335662
1276,0.008098520293470628
1277,0.006549254367385992
1278,0.004161637764441119
1279,0.0027173310744433646
1280,0.004595075470539225
1281,0.004749284685949006
1283,0.003086843854327182
1284,0.001985887043193389
1285,0.0034730842403272923
1286,0.0026823555801240755
1287,0.001679065773897364
1288,0.000956912807525713
1290,0.0028497009607881384
1292,0.003014178292932389
1293,0.0034659857854819334
1296,0.0027781150959238963
1298,0.005261291982983371
1299,0.0025739960559384065
1301,0.0066218042980561494
1304,0.004201403754517399
1305,0.004082031911949845
1306,0.0019035975014607572
1307,0.003448407070775355
1308,0.0021479660256671024
1309,0.0027957128665713933
1310,0.0026687824457237467
1311,0.0027295908773266406
1314,0.007962425586169301
1317,0.001724137642387028
1318,0.004109639960410954
1319,0.002890844522815667
1320,0.001868713766947028
1321,0.003015258237985006
1322,0.0014865227212087686
1323,0.005110154585173939
1325,0.004654990237404702
1326,0.00605850952200413
1327,0.0018330697626364233
1328,0.008467457452915226
1329,0.003795705857050696
1330,0.004946188217632185
1331,0.004143432553404932
1332,0.003998569078249562
1333,0.005031569048256521
1334,0.0017630124095422326
1335,0.0026373070601257496
1336,0.0020436082036492205
1337,0.0041041423742707965
1338,0.004482430791895544
1339,0.0023422421781032266
1341,0.0017686668943076034
1343,0.002222436659331111
1344,0.003324750961943934
1345,0.005321305922984364
1347,0.0024005685277689514
1348,0.002180621517472
1349,0.0027323642258751724
1350,0.004742726146753275
1351,0.0020132106921375
1352,0.002237842021673584
1353,0.0036580643960396953
1354,0.0019317072849388674
1356,0.0037006910235171686
1359,0.0029809720623191786
1360,0.002318467274445427
1361,0.004517645076588859
1363,0.0034712655245291713
1364,0.0025392071036892893
1365,0.004001692864781421
1368,0.003185716520425816
1371,0.003246109558986699
1373,0.0031527111244907024
1374,0.006228770176432705
1375,0.0041871330749933405
1376,0.003411076107071841
1378,0.00419933534817331
1379,0.0033272055825289706
1380,0.004356302704692333
1382,0.003297307707437389
1383,0.0014499241527152031
1384,0.002179413558993621
1385,0.008421311989171081
1386,0.004522068036808796
1387,0.0030759654901809834
1388,0.0029715192806221554
1389,0.0033095459247031553
1390,0.002633327844673097
1391,0.0020917342914119866
1393,0.006170628187697639
1395,0.0038381021534166703
1396,0.005764398196526185
1397,0.00547488142882617
1398,0.002057858103280138
1399,0.0032116751501477447
1400,0.003486965123152004
1401,0.004505340982839159
1402,0.0015604786493336508
1403,0.0055881737173891855
1405,0.0037435618020944974
1406,0.0016715413214592617
1408,0.004407635943469004
1409,0.005742299034217637
1410,0.002245722047313755
1411,0.003174677481211054
1412,0.005260145110202891
1414,0.0027569296861245443
1416,0.0018839411817140037
1417,0.0045434895228848166
1418,0.004229931452319947
1419,0.003813676424596689
1423,0.002275231211714661
1424,0.005352892230618274
1425,0.004759865063357975
1426,0.0019496892823572239
1427,0.002895872260936595
1428,0.0032099713185216655
1429,0.003182219202321548
1431,0.004401947077095353
1432,0.0024424878094823814
1433,0.007371887621741324
1434,0.00148555822019376
1435,0.0037098237435071574
1436,0.0014298187025863088
1437,0.00648369209975777
1438,0.004901357209394938
1439,0.006534111393871033
1440,0.0024847109042606228
1441,0.002401506082846604
1442,0.0022458958877594995
1443,0.004027544685727227
1444,0.002837265315829263
1446,0.0026655347413306984
1447,0.0017789206620859577
1448,0.005229783820366415
1449,0.006478101293125338
1450,0.003176324924373293
1451,0.004220612107449974
1452,0.003964600308193031
1453,0.0018593760926970565
1455,0.005070094085658319
1456,0.003081613440160761
1458,0.003526243929011571
1461,0.002676635682626775
1462,0.004162634698560448
1463,0.0017092558065714743
1464,0.003414018096202564
