,pi_i
1102,0.0019114417925147962
1103,0.003429779789706461
1104,0.007473825726394919
1106,0.00175775958983911
1108,0.0025138266980855722
1109,0.001238177396814114
1110,0.002316498133950957
1111,0.002203647135551846
1112,0.005331492372228481
1113,0.0029926102545430903
1114,0.00395244366485205
1116,0.003325598277078233
1117,0.0033672034815086186
1119,0.001843418249822659
1120,0.006303655685985456
1121,0.001548225900856168
1122,0.0024860847094428083
1123,0.0037930658533608624
1124,0.002115630215714562
1126,0.0014643005916189261
1129,0.0021739604442592595
1130,0.004213805985156253
1131,0.003890600630757034
1132,0.002047324090956626
1133,0.006137624319041317
1134,0.0014976363423669713
1135,0.0019189354681609407
1137,0.00182560949661582
1139,0.002179843641093181
1140,0.0037911904769380505
1141,0.002505268309502752
1143,0.00398638329776224
1144,0.0013444681157163277
1145,0.0032627806011775356
1147,0.0022930022819352067
1149,0.0022253039850882793
1150,0.0025290124487077972
1151,0.003030997334752868
1152,0.0032470824669759
1153,0.0039296673916645285
1154,0.0017798725644367496
1155,0.006092579070209746
1156,0.006785268941982395
1159,0.0012524041148583626
1160,0.0026560560434459517
1161,0.0025658020317337257
1162,0.002414426662042598
1163,0.0036072474205145135
1164,0.001419727501988492
1165,0.002489729734491792
1166,0.0027027015260491826
1168,0.003871995305668834
1171,0.00153733471907801
1172,0.0033541010519883164
1173,0.004446208994578395
1174,0.001620139317165276
1175,0.0015215048895759987
1177,0.004799639514211572
1178,0.003129298129308516
1179,0.0035264354942591124
1180,0.0023613742276707597
1181,0.011797221941367187
1182,0.003490889099572296
1183,0.003623420223071241
1184,0.002319934320070032
1185,0.002328566267707542
1186,0.002730197815545982
1187,0.0022556257186289374
1190,0.0024451451586068843
1191,0.002416253079824374
1192,0.002574674344270678
1193,0.0030349826215850676
1196,0.0054318044897214484
1197,0.0018209631205559347
1199,0.0033475323424377564
1200,0.003020820625283953
1201,0.003300057168170734
1202,0.0018821781149510543
1203,0.0027368167592736474
1204,0.002275704912682169
1206,0.003916806897925503
1207,0.007565779124668555
1208,0.006511634863527878
1209,0.0014556979134689955
1210,0.010333911659538375
1211,0.0022252131129540946
1212,0.0012234290903371653
1215,0.0022382755515136547
1216,0.0028250742905297365
1217,0.0010535688801235955
1218,0.0017595321946183953
1220,0.002308820359749561
1221,0.0021324846829660024
1222,0.003219632102977186
1223,0.0018687128733177372
1224,0.0024222721956876823
1225,0.0021030588062286265
1226,0.0023405740429294415
1227,0.0025914937994714394
1228,0.0083413730453069
1229,0.0036074645712671624
1231,0.007382422066081287
1232,0.003102807128324437
1233,0.0027036033694973287
1234,0.006582033150265758
1235,0.006120002543341622
1238,0.002438290419185692
1239,0.005514663708549597
1241,0.0026598574697155007
1242,0.011307425842175624
1243,0.0044191491310720055
1245,0.0027624043811252425
1246,0.009724861175465137
1247,0.003139526502818199
1248,0.002079293260537658
1249,0.003915961771926805
1250,0.002129115616697356
1253,0.002572580190609255
1254,0.001356563328038492
1256,0.004036428917960706
1257,0.009497057617235587
1258,0.0027469672314481136
1259,0.0022775546576020707
1260,0.003920490713503229
1261,0.006685783114294935
1263,0.001913496518742079
1264,0.0007851719268790691
1265,0.002736600456351957
1266,0.004916581774004339
1267,0.003203652272003108
1268,0.00725095745574396
1269,0.002215136898473738
1270,0.003927347685359329
1271,0.0012487700859289842
1272,0.008743791394753992
1273,0.0022978458688240125
1274,0.0023133960301914922
1275,0.00501801726157382
1276,0.0094028601413783
1277,0.007973823440994522
1278,0.0040565069008907445
1279,0.0038287467467241747
1280,0.003932433275786344
1281,0.00598962135751727
1283,0.003526001245112465
1284,0.0015918551414377089
1285,0.0038610063600972694
1286,0.0031699734427761547
1287,0.0017646132248658024
1288,0.0013895340982101056
1290,0.0028073332493688823
1292,0.004467788209861586
1293,0.00260771294826537
1296,0.0026202151707042645
1298,0.006673480927698883
1299,0.0026429629675655437
1301,0.006835237763111267
1304,0.004980585364038473
1305,0.002410023122257585
1306,0.0021245282923681307
1307,0.0038317856875820866
1308,0.003696444932176848
1309,0.0039783451443342775
1310,0.0025519584199768675
1311,0.00137807450841082
1314,0.011224732276271337
1317,0.002558505693142075
1318,0.004615494301206512
1319,0.0032417748833451034
1320,0.002133211702962969
1321,0.0021833558226302644
1322,0.0025402714114931206
1323,0.00736786496043494
1325,0.0038168101850131818
1326,0.005723923986897107
1328,0.0076927908631017426
1329,0.0037639378992721773
1330,0.005157317666075644
1331,0.002847590328648159
1332,0.004050498370398819
1333,0.003546696507672523
1334,0.0034092785656910526
1335,0.0025291512939049784
1336,0.002558217916659388
1337,0.00460405537170383
1338,0.005207485783423958
1339,0.002142103754659914
1341,0.0014667224584003584
1343,0.002040117954054156
1344,0.004165932934179646
1345,0.006999337559283972
1347,0.0018498404336942309
1348,0.0023948157045689754
1349,0.0021377345680926615
1350,0.005509404146908435
1351,0.001462041594845606
1352,0.0016160027980876251
1353,0.0022869618451961345
1354,0.0015668948543143579
1356,0.002293572675509873
1359,0.0020145067327992754
1360,0.003684437381606191
1361,0.003100576924968929
1362,0.0014835189692154309
1363,0.003380576073843227
1364,0.002898598945015533
1365,0.0020770398798492973
1368,0.0024003636356474786
1371,0.003590066378707396
1373,0.002968576587403383
1374,0.003782415510674193
1375,0.003875336513798235
1376,0.003918988268493823
1378,0.003754301641013154
1379,0.0037324763366615
1380,0.003837943659873098
1382,0.0029159163701225803
1383,0.0012909241001166835
1384,0.001450183032755198
1385,0.00903172737636794
1386,0.005588943501034601
1387,0.003536787478681368
1388,0.0014260316913175541
1389,0.0028175961894152755
1390,0.0034053050578551473
1391,0.0021323466985576725
1393,0.009000907314823243
1395,0.00477420081442845
1396,0.005908314483257251
1397,0.0045334026138163985
1398,0.002042025211932147
1399,0.0026859908262007186
1400,0.004300067374522315
1401,0.004530699930378558
1402,0.0012222931069022353
1403,0.003712679415681259
1405,0.00247674480198325
1406,0.001980186513476745
1409,0.005366989206908661
1410,0.003353956948399799
1411,0.001446721356161626
1412,0.007123028758168244
1414,0.003943182146732452
1416,0.001433856227777143
1417,0.004002283522838372
1418,0.0035248026357401615
1419,0.0044963586514182
1423,0.003145155144055894
1424,0.007956064520284821
1425,0.0035447983401552885
1426,0.002171022054502363
1427,0.0015337329997882603
1428,0.003584044484871234
1429,0.003153758868470005
1431,0.005313769466739552
1432,0.0014974441718917629
1433,0.0044075608971274605
1434,0.0016655702716564416
1435,0.003930870634942399
1436,0.0017966720405505705
1437,0.006005421382090339
1438,0.007070524582720029
1439,0.006091104896402482
1440,0.00199964746619765
1441,0.0021911170932396966
1442,0.0023167810924115528
1443,0.005441607083664386
1444,0.0025503206725817013
1446,0.002473382823806526
1447,0.0019127371366435403
1448,0.0034510067511465486
1449,0.005050954182070795
1450,0.00398540307720693
1451,0.003107013172010582
1452,0.005874490032230131
1453,0.0017567851501956566
1455,0.0033860263741709
1456,0.0025266961189681753
1458,0.0033739915692520194
1461,0.0036090229533780166
1462,0.004977348276480179
1463,0.0018788701349179609
1464,0.0026609691080872
