,pi_i
1102,0.0021034487462444173
1103,0.0036324278006391103
1104,0.008562662114306549
1106,0.0019320742048102063
1108,0.001468580459483608
1109,0.0012502745726577483
1110,0.0023183868351459645
1111,0.001651249968459597
1112,0.006068350180209806
1113,0.0037519749315543384
1114,0.0031824266364196678
1116,0.0055687794405690156
1117,0.004551127070262566
1118,0.0013973456893306875
1119,0.0027475693916544203
1120,0.006430551826079055
1121,0.0013800231567562297
1122,0.003771057374523508
1123,0.0023298390505167355
1124,0.004158609628419211
1126,0.0016356362426861641
1129,0.004237561350754766
1130,0.0032137562133580213
1131,0.0037759635062135388
1132,0.00264441275970221
1133,0.004650165819189556
1134,0.0016016078889193538
1135,0.0017607837135969041
1137,0.0025793499688281252
1139,0.0024701958499513373
1140,0.0055115069428317886
1141,0.004689161772389664
1143,0.004907823433175986
1144,0.00234723416564484
1145,0.0026547258256463266
1147,0.001574635615931268
1148,0.0017596576516484776
1149,0.0035001897555970132
1150,0.0035966821974633663
1151,0.0031970618838446136
1152,0.002484700609450156
1153,0.0027252288476585624
1154,0.002345053935226731
1155,0.006449469984777376
1156,0.004994379664111227
1157,0.0020924774332561702
1159,0.0011873521959583965
1160,0.0033107379148294602
1161,0.002699156140382791
1162,0.0019352699714416074
1163,0.002578946033962193
1164,0.0014979108983940762
1165,0.0027161890400593906
1166,0.0027708294417277857
1168,0.0046150299799497035
1171,0.002000572770909427
1172,0.003121718396767645
1173,0.0028931129697113613
1174,0.001564278296795947
1175,0.0009291876073167034
1177,0.007171345011882796
1178,0.0018089535798447623
1179,0.003951967625949902
1180,0.002268251642190939
1181,0.007043378451833056
1182,0.0028067503492139392
1183,0.001750304312345037
1184,0.003696985720125723
1185,0.0030347999644173528
1186,0.0013112252124509764
1187,0.002801104556550971
1190,0.0014062043104270158
1191,0.002918272951955233
1192,0.0028119446614285125
1193,0.0028887844246092407
1196,0.008576894180735331
1197,0.0022705382890760447
1199,0.004240889555394628
1200,0.0032625624682889923
1201,0.0024990713196276376
1202,0.002681199969737377
1203,0.0029583808155734066
1204,0.0029084801678690235
1206,0.0032702359496687306
1207,0.006059157625161769
1208,0.005199911533214642
1209,0.0019351916867860874
1210,0.005497356849712182
1211,0.003173238748853764
1212,0.002110189136702877
1215,0.0022365203076141343
1216,0.002504062457323422
1217,0.00195377319183302
1218,0.0022245411749765368
1220,0.0016848871353963278
1221,0.0018816160263143197
1222,0.0051726492189755014
1223,0.002984382386964343
1224,0.0033135007872251705
1225,0.002604099458926635
1226,0.0031495072889693616
1227,0.0024907763201406433
1228,0.008295932518499312
1229,0.004438155331181824
1231,0.007835361270776034
1232,0.0022935911545979206
1233,0.002946347909223642
1234,0.008577899393711931
1235,0.003957673556783044
1238,0.002504510459444325
1239,0.004489305352170681
1241,0.0034478879404309963
1242,0.00677098523251157
1243,0.004989025354806421
1245,0.0037389088009776588
1246,0.005304512935023282
1247,0.004272178802577389
1248,0.002976668516274501
1249,0.0031499723596996733
1250,0.0022043740338252484
1253,0.0034088790662522525
1254,0.0015356806407722991
1256,0.0047797289335799525
1257,0.0050052956396393665
1258,0.002198629704974595
1259,0.0020038990419166246
1260,0.0037360195490601317
1261,0.0055788532965638975
1263,0.001651250884488915
1264,0.0013696390248443605
1265,0.0028641039889565627
1266,0.004355751265023825
1267,0.004408908837043809
1268,0.003241086476421689
1269,0.002551778460995807
1270,0.003377382947296122
1271,0.0008959328886207489
1272,0.007171999016531767
1273,0.0020982666120154276
1274,0.0024018305984474173
1275,0.0024756174046732665
1276,0.005983695373539518
1277,0.004231651575742832
1278,0.0029051399410186854
1279,0.004709617021683743
1280,0.0024583829408087953
1281,0.00605983582868595
1283,0.0051815434599556485
1284,0.0013482948064794666
1285,0.0028587550267470106
1286,0.00352119342596083
1287,0.0027006848127505458
1288,0.0015343328538237513
1290,0.002191276918565417
1292,0.00381628305525815
1293,0.0022677865715497888
1296,0.001936204209984033
1298,0.00597136365876437
1299,0.003525972510936303
1301,0.006227774813707703
1304,0.002975754528608323
1305,0.00321310643141906
1306,0.0015643399206809532
1307,0.004182890642016843
1308,0.0036592244512481326
1309,0.005549884702902743
1310,0.003958970922900145
1311,0.0017916584853792394
1314,0.011418973769680088
1317,0.002972393854764333
1318,0.004337417403718375
1319,0.0023823122525249395
1320,0.002264093551959818
1321,0.0020445864385033054
1322,0.0021913372112041486
1323,0.0055148624213118835
1325,0.0025957629737318
1326,0.006279307520786116
1328,0.007379818161355954
1329,0.0030113163519805745
1330,0.0028147121785353922
1331,0.0026529212716953224
1332,0.004128003089308951
1333,0.00483181853160536
1334,0.0025135934373317487
1335,0.002744730489754727
1336,0.0034135671835058452
1337,0.003428334045823259
1338,0.006740867675857748
1339,0.0025338697323776943
1341,0.001282227074254957
1343,0.002289528234511278
1344,0.005743453239724786
1345,0.007457153007559791
1347,0.0019713346117310225
1348,0.0038168255735536766
1349,0.002039270584894579
1350,0.0033495795088079624
1351,0.0018210940846205442
1352,0.0018166378834397969
1353,0.0026254287428387215
1354,0.0020060501595975267
1356,0.0028416084688318737
1358,0.0022590737990400623
1359,0.001321950660399298
1360,0.004812445088489322
1361,0.0021385373364893453
1362,0.0025232987363815623
1363,0.004393529726161236
1364,0.004398483281756742
1365,0.0036006978968117186
1368,0.0016295372494950812
1371,0.003985429528484105
1372,0.0029115352100341193
1373,0.002831055191244794
1374,0.004320724741085522
1375,0.00305935746423242
1376,0.003788898370436291
1378,0.002907477252670057
1379,0.003873648851459881
1380,0.0030054347643107063
1382,0.0021657628197960664
1383,0.0013990350505678185
1384,0.0018020187492006439
1385,0.005018706795897817
1386,0.004227669720841103
1387,0.004742047028144949
1388,0.0027772987040711734
1389,0.003520684955876198
1390,0.0036236973672861125
1391,0.0035837152576414367
1393,0.007048628896096855
1395,0.006256854659787191
1396,0.008071199421895792
1397,0.005938825283376857
1398,0.002931697108035137
1399,0.0011278190609527309
1400,0.0034751983918625343
1401,0.00455948393585498
1402,0.001892784140199441
1403,0.004283818752284826
1405,0.0022466718314501422
1406,0.0020715846772566522
1409,0.005147687852309689
1410,0.0029176355058694176
1411,0.0018012296023434998
1412,0.003935499958992011
1414,0.003739785796130357
1416,0.0014963138001380227
1417,0.0058388197414822925
1418,0.002241731272817278
1419,0.0029549284430202528
1420,0.0019424370803474051
1421,0.002339839711261723
1423,0.004441844863301718
1424,0.011629026696682369
1425,0.0033868646579917035
1426,0.0017423956220278985
1427,0.0022993198553392406
1428,0.003880000893119432
1429,0.0037316549010722156
1431,0.005044134227062182
1432,0.0014526190945425815
1433,0.0038447452687187323
1434,0.001824611482624865
1435,0.005424869162825222
1436,0.001592574464833968
1437,0.004575461102393791
1438,0.0064563204034596006
1439,0.0028560791239985225
1440,0.0017210341397396309
1441,0.0017641273465900345
1442,0.00211959804118764
1443,0.006925604837670951
1444,0.002629675517404962
1447,0.0020878675875427846
1448,0.004318803181162541
1449,0.005249165399266111
1450,0.0030065677695830127
1451,0.0023205042598056446
1452,0.00586340305710011
1453,0.002899115456236582
1455,0.004799992560642471
1456,0.0018894954430267008
1457,0.0021964460393439993
1458,0.0038606791588671426
1461,0.004771552146327924
1462,0.0031303798059655816
1463,0.0023762168865477415
1464,0.0021304276160975725
