,pi_i
1102,0.001908152868991625
1103,0.0033359788827579443
1104,0.0039773994731735545
1106,0.001695897085967592
1108,0.0019153464951537308
1109,0.0013512265837692032
1110,0.002371250122899363
1111,0.0021078131231502054
1112,0.011811118046506888
1113,0.00320745120560835
1114,0.004707133540951223
1116,0.005567018158632152
1117,0.0038197874608783384
1119,0.0017467413884527118
1120,0.00565421516150231
1121,0.0016092040751530597
1122,0.003502252721933851
1123,0.0018695856397837663
1124,0.005052298128411887
1126,0.0015427096631873893
1129,0.0053420595423196255
1130,0.004375864066062455
1131,0.0038309966843055663
1132,0.002414284751043542
1133,0.006310681469177691
1134,0.0011252044885915727
1135,0.0014227681050044871
1137,0.0024404525429657705
1139,0.002752672919638029
1140,0.006245201812463474
1141,0.0036689963064383668
1143,0.002712199865201906
1144,0.00149295672301187
1145,0.0019024509710467278
1147,0.0021713143886317268
1148,0.0015404137738907044
1149,0.0019080072581445116
1150,0.0038720919665367367
1151,0.0030790295009532702
1152,0.0022888408482236704
1153,0.003269560331025994
1154,0.0014510082303422194
1155,0.0041891204577591615
1156,0.004016219322641535
1157,0.002390921778798372
1159,0.0009985955344092448
1160,0.002792375777260434
1161,0.004416004774915011
1162,0.0013345984700561125
1163,0.0048948661268938135
1164,0.001745095478939137
1165,0.0024889601550964506
1166,0.002555828442709613
1168,0.004438617172098804
1171,0.0026972562016243217
1172,0.0021094007400898466
1173,0.0026122503635356105
1174,0.0024217715256439854
1175,0.0010089238941502834
1177,0.005398151838265324
1178,0.00208060479166359
1179,0.0032223843659959397
1180,0.003184370619382807
1181,0.009514290006000877
1182,0.002570327756416876
1183,0.0027238509192555266
1184,0.003556255770706002
1185,0.0035406506269084433
1186,0.0013069326468899227
1187,0.0018655126969968293
1190,0.002015624917615672
1191,0.004349736924967676
1192,0.0027402092054282985
1193,0.0019399272831330853
1196,0.007181625733361084
1197,0.002429490213298696
1198,0.0012486436636577056
1199,0.005467645181147218
1200,0.003575066993594833
1201,0.0032029974714779513
1202,0.0022966274139705587
1203,0.002736620090671767
1204,0.004330147896851098
1206,0.0032700004689051455
1207,0.0056942749159622635
1208,0.006514255309014932
1209,0.0024540489238115294
1210,0.0060442126916157215
1211,0.002673534872360187
1212,0.003031813680998654
1215,0.002527931831898905
1216,0.0027494070087255395
1217,0.0015770089210140914
1218,0.002445481848072447
1220,0.0011190215125383442
1221,0.002696955729826617
1222,0.004248463072031054
1223,0.0018568160462293561
1224,0.0019385596588713876
1225,0.002981199876655782
1226,0.002546378405480821
1227,0.0017445565544891813
1228,0.00851114243039688
1229,0.004072009129141847
1231,0.006348877977134472
1232,0.001957315591745661
1233,0.002430766675679808
1234,0.008543715929952162
1235,0.005813412779571546
1238,0.002216546787389933
1239,0.002230986900946412
1241,0.002265823903380946
1242,0.006073924807869325
1243,0.006621838750887281
1245,0.0022664556906726615
1246,0.007496665825521651
1247,0.0054705087750153035
1248,0.0031242452061346327
1249,0.0031026506065347627
1250,0.0034681749857414174
1253,0.004125121548815254
1254,0.001544292697441205
1256,0.0034658282321113343
1257,0.006761475131802213
1258,0.006037003311898784
1259,0.001236904808655824
1260,0.002795550870540138
1261,0.005442603086118316
1263,0.0018249300940499707
1264,0.0021164949285117796
1265,0.0027539235345898964
1266,0.0026298696673900546
1267,0.004243122748030701
1268,0.005642313553449078
1269,0.00212735222311231
1270,0.0020787282865364293
1271,0.0012758308657995529
1272,0.005025011519673858
1273,0.0025328687224771356
1274,0.002816698621302691
1275,0.0023937130795930826
1276,0.008515766218319183
1277,0.0035537418417333805
1278,0.0032805684504192832
1279,0.003687797019834689
1280,0.003204755392732535
1281,0.006993227838645445
1283,0.004222355523525417
1284,0.002099711604656315
1285,0.00286589807311751
1286,0.0035006704303636184
1287,0.0016697657372342987
1288,0.0017688469753121172
1290,0.0016565528398787104
1292,0.0031296509757793027
1293,0.003553773107645144
1296,0.0022551836311532282
1298,0.0021716375752849565
1299,0.0038367663464755055
1301,0.0069151751829166054
1304,0.0033840419787492227
1305,0.0025433845928495118
1306,0.0013762631795452814
1307,0.005045719748267232
1308,0.004439491006556495
1309,0.004681273043878795
1310,0.0026404724518784483
1311,0.0016693623430337299
1314,0.008149807672457848
1317,0.0038717825660617
1318,0.0024676729663405082
1319,0.0023026416976464617
1320,0.002012195562432407
1321,0.002591473232205374
1322,0.0028703326219352444
1323,0.00502556090290189
1325,0.0031017537868279223
1326,0.0042973572532877535
1328,0.01291432850397166
1329,0.0038504189469025568
1330,0.003257197563759825
1331,0.0017396731692673612
1332,0.0032564785414823253
1333,0.005105114745200522
1334,0.0020935181166623473
1335,0.0018444093012499655
1336,0.0031700924466582284
1337,0.004506606584817852
1338,0.007448845069234722
1339,0.0018913820772126664
1341,0.0011026760256194392
1343,0.0031576557763198353
1344,0.0032853667396158513
1345,0.008889369648955857
1347,0.002486596320083486
1348,0.006264483879764842
1349,0.0018586989235261134
1350,0.004142075627503013
1351,0.0018243237932692833
1352,0.0017943235705649672
1353,0.0020597522762171266
1354,0.0017644320846269717
1356,0.0031165148404824696
1358,0.002925118819997961
1359,0.002361973044935763
1360,0.00262448114624899
1361,0.002909633003278236
1362,0.0028807385589683446
1363,0.003423337507321009
1364,0.004727743995994855
1365,0.004427334844111446
1368,0.0011207229163409723
1371,0.007385189735282959
1372,0.002358471258349517
1373,0.0034355778019128508
1374,0.0063947401513802194
1375,0.002475345235235385
1376,0.0046267010193035245
1378,0.0019647779543102268
1379,0.004836697010628509
1380,0.003761143597684065
1382,0.003020603712796313
1383,0.0012825174263061227
1384,0.0012146306567223126
1385,0.005110425187208804
1386,0.003432950602472972
1387,0.0034214065364516462
1388,0.00355473584019182
1389,0.0033017871673226766
1390,0.0051476123637199155
1391,0.0029159638395196193
1393,0.01010897179092839
1395,0.002411934546541225
1396,0.008740180322945032
1397,0.00437905511587594
1398,0.0024484546281172397
1399,0.001852465234877955
1400,0.0031315091811969483
1401,0.0033246670732013993
1402,0.002459914733420876
1403,0.0028942134623422067
1405,0.002398919512390643
1406,0.0021480938923795065
1409,0.0032473760153681887
1410,0.002291264924230743
1411,0.002788159010404877
1412,0.003919953538875678
1414,0.003870010665209874
1416,0.0011858515696196762
1417,0.005038507811188255
1418,0.0024567580766355524
1419,0.00402509013168005
1420,0.002043619398603498
1421,0.002097804446121479
1423,0.0028637837686908804
1424,0.007337038061063422
1425,0.002023179152305967
1426,0.0026944226524600904
1427,0.004304274825974268
1428,0.004561677510628991
1429,0.005629804739035821
1431,0.005274143912103842
1433,0.004491436369117807
1434,0.00193816448154069
1435,0.006027791337767598
1436,0.0011570774996659526
1437,0.00683796487311696
1438,0.004804206686863095
1439,0.005202395748573024
1440,0.0018868629110135612
1441,0.0013781893846872824
1442,0.0023849716075351603
1443,0.0028375391283782603
1444,0.0023639141778168896
1447,0.0011542657288482062
1448,0.003305459130105861
1449,0.003044509564621301
1450,0.003271308529168338
1451,0.002334161352176033
1452,0.004533778475140979
1453,0.0031083672560215533
1455,0.004677286185443643
1456,0.0022943769427283428
1457,0.002419067407123374
1458,0.003228022322960899
1460,0.0022292441714681817
1461,0.006600643936981498
1462,0.005174855474818502
1463,0.0018010567643545062
1464,0.0013860967384118567
