,pi_i
1102,0.0029400482906138297
1103,0.004771629478706378
1104,0.0049987485068150725
1106,0.0021572490965301124
1108,0.0012670983863671986
1109,0.0015529639042629933
1110,0.002174423931982269
1111,0.002927151890501882
1112,0.011717785535147842
1113,0.0030391203280443055
1114,0.005238050988563674
1116,0.007148462650307951
1117,0.0042291884000435695
1119,0.002032618883023526
1120,0.0027557271893603624
1121,0.0011361059848012465
1122,0.0032445297533337312
1123,0.005348931913673406
1124,0.001677875006364723
1126,0.0019270304525238246
1129,0.004189947174082775
1130,0.0036201606457232837
1131,0.0041201915764106775
1132,0.0024908057247596056
1133,0.0031635899554619275
1134,0.0006888875936472453
1135,0.001135601309044537
1137,0.0028110316161959036
1139,0.002772368199273584
1140,0.0038144461118978282
1141,0.0025653125527392725
1143,0.004881090377050973
1144,0.0018064851802432958
1145,0.0022317341615642927
1147,0.0022601036924676824
1148,0.0011660936130282365
1149,0.0016084927723386622
1150,0.003874152234728753
1151,0.0031420890766246804
1152,0.001847255518955634
1153,0.003597632049052771
1154,0.0026139602287845822
1155,0.005035511778049094
1156,0.0031406116281922233
1157,0.0018676112121651287
1159,0.0014855116942154912
1160,0.003359014702905211
1161,0.004410838982261917
1162,0.0010771452509172868
1163,0.005588246435715265
1164,0.002508341600612574
1165,0.0013744935135959822
1166,0.0038394333268883417
1168,0.0032860361422399763
1171,0.0024695249591340225
1172,0.001549266602632606
1173,0.0028120383114188224
1174,0.0020374578987845575
1175,0.0011202069361700056
1177,0.004685818945982935
1178,0.002116332827279156
1179,0.0030585429982559606
1180,0.002338609331832512
1181,0.010554463988900163
1182,0.0025717285165509206
1183,0.003341716948335729
1184,0.0014545940068297538
1185,0.0031829652537185204
1186,0.002335037271748531
1187,0.0020789548395672534
1190,0.002769026870209947
1191,0.00577949055885495
1192,0.002165764575612318
1193,0.0019172120208040076
1196,0.004733080509572874
1197,0.002160134733931901
1198,0.0014827315056732413
1199,0.006804508997620743
1200,0.0026527820401666784
1201,0.003785698449935001
1202,0.0023090963858930923
1203,0.0014324257291675564
1204,0.0036098897411448215
1206,0.0026976064507304456
1207,0.007616445137220823
1208,0.00463383739920312
1209,0.0019741039558458687
1210,0.006408897022562065
1211,0.0028728164745564994
1212,0.0024884715737873773
1215,0.0012136560392560281
1216,0.0024272665929064986
1217,0.0013689751772901853
1218,0.004036963343137964
1220,0.0022512625705479613
1221,0.0024117957281199857
1222,0.003972118563894685
1223,0.001864707901504436
1224,0.0013261545521200554
1225,0.005021490808132281
1226,0.0016107475421488495
1227,0.0031895077033386537
1228,0.010699523366264336
1229,0.0031226986619766538
1231,0.008721515960386816
1232,0.001993309034303554
1233,0.002593049463883381
1234,0.007877893141409254
1235,0.004473337182476446
1238,0.002058169740706311
1239,0.002936582824805181
1241,0.0025771183103001994
1242,0.0055134907960347245
1243,0.005505216669342526
1245,0.004320055860735657
1246,0.004013380604546543
1247,0.005938205710949242
1248,0.0027122466344898168
1249,0.0027820154336215537
1250,0.0019657497578329276
1251,0.001321698657931894
1253,0.002737873703491301
1254,0.0015925989050935775
1256,0.005311591541079843
1257,0.007547957436596429
1258,0.004470928987741465
1259,0.0014329091449292021
1260,0.0029474387398575447
1261,0.004366629455817033
1263,0.0020309198133615226
1264,0.0015380396370443924
1265,0.002009619774238597
1266,0.0028758730676428554
1267,0.0029934223029672033
1268,0.003591827153147823
1269,0.0016568411731513008
1270,0.0032168984337488547
1271,0.0007974817444617451
1272,0.0061616657579376
1273,0.0019334976060448297
1274,0.0031543591610378426
1275,0.003304138021717692
1276,0.010361916752909763
1277,0.005028675005974445
1278,0.00557577842431976
1279,0.0037206238190619027
1280,0.003307070926101632
1281,0.009380829326417272
1283,0.00396465532904508
1284,0.0018938595400919745
1285,0.0032472736337406938
1286,0.0023147216522099025
1287,0.0019380350602621749
1288,0.0020069770879169646
1290,0.001917055722422861
1291,0.0020002272032635555
1292,0.003976138415605393
1293,0.0033722307426589724
1296,0.0017545486146815718
1298,0.0017929450689624054
1299,0.0015202881041523192
1301,0.006532502215782702
1304,0.003804994930519865
1305,0.0030775456711822106
1306,0.0014909844395104089
1307,0.004687715508703184
1308,0.004089871382561704
1309,0.004005021392622638
1310,0.0020120477794370087
1311,0.0014592197669655348
1314,0.010976511761742615
1317,0.0026004166813722394
1318,0.002772395198461242
1319,0.0012250553307981708
1320,0.0027694087326347503
1321,0.003438619525513802
1322,0.002845507205000448
1323,0.004626175598188151
1325,0.0029450049790567248
1326,0.0069445098945513884
1328,0.009986426533298504
1329,0.005358343335971377
1330,0.0036584593439500136
1331,0.003151371438628204
1332,0.0030398867442533646
1333,0.006388537097071437
1334,0.002193489822652738
1335,0.001968436087617694
1336,0.003867749320701943
1337,0.00425124635186607
1338,0.005502192804623471
1339,0.0015991642819943605
1341,0.0015432548974123321
1343,0.0024983296356123836
1344,0.006440863586622221
1345,0.006924807311556206
1347,0.0013714139997126839
1348,0.002837416757189913
1349,0.0024903787000735158
1350,0.003676012403197203
1351,0.0013452597032418167
1352,0.002376463026052355
1353,0.0034229826480220555
1354,0.003046810087528116
1356,0.0038884454296660466
1358,0.00269001295851585
1359,0.0017578326714391237
1360,0.00225065064000329
1361,0.0028497005664346003
1362,0.002760299644166731
1363,0.0019467972907782707
1364,0.004592802907386546
1365,0.004136498386250586
1368,0.0009570563545230959
1371,0.008280633524543333
1372,0.002038928549469156
1373,0.00523800822173941
1374,0.0031190575403344397
1375,0.006114536523835577
1376,0.004313810979558896
1378,0.002244434810135432
1379,0.0031742968910687883
1380,0.0033666929777587287
1381,0.001996333384348352
1382,0.0017621612198244398
1383,0.0013572545105252822
1384,0.001611838864288481
1385,0.004331244592660829
1386,0.002128051507689472
1387,0.0050463164592895035
1388,0.006755160986258791
1389,0.0033374332328004954
1390,0.00877279714642596
1391,0.0032765285287133907
1393,0.009888255356009736
1395,0.0030867151182702424
1396,0.004928054222080809
1397,0.004602805223587393
1398,0.0014351433521381386
1399,0.001816435505375295
1400,0.004997632950031797
1401,0.003578926227582108
1402,0.002626391266135227
1403,0.0034036546125950657
1405,0.0029962423337639385
1406,0.003435310257158358
1409,0.003464836666118999
1410,0.002569450435162882
1411,0.00277493488706667
1412,0.003897857877053665
1414,0.0027871370913504444
1416,0.000979046461213927
1417,0.00554735142544803
1418,0.0026831185061610115
1419,0.0025135048104899605
1420,0.0017745110520281124
1421,0.0018071222750642827
1423,0.0027981089209911576
1424,0.008131791279801768
1425,0.004044464423207938
1426,0.0020504523439418866
1427,0.0024669198350523876
1428,0.003849855968593491
1429,0.003504143730428986
1431,0.005760377818289426
1433,0.0034276124397765503
1434,0.002280830892727148
1435,0.005587687266070019
1436,0.0013968871842688934
1437,0.004968679456471628
1438,0.006132186750221094
1439,0.0035381960211777123
1440,0.002207386314733965
1441,0.002055943252117557
1442,0.0016920913413330627
1443,0.0032147594069498416
1444,0.002213692417493442
1447,0.0011047694408689666
1448,0.00432556499053841
1449,0.003162490762042121
1450,0.0035616959423768095
1451,0.0028328884099789826
1452,0.005289391257410072
1453,0.0030050966416687633
1455,0.004401779717910887
1456,0.001348103228747271
1457,0.0015110140346007899
1458,0.00571357472062581
1460,0.001843239198400235
1461,0.0038393543100496124
1462,0.004555574477949758
1463,0.0017370403904704475
1464,0.001286981989200133
