,pi_i
1102,0.002741045377447032
1103,0.0027335285035665234
1104,0.007071902611858338
1106,0.0018615572713789345
1108,0.0014291684795951715
1109,0.0015935782017879822
1110,0.0030499941568979715
1111,0.003298316278021293
1112,0.009336013425756013
1113,0.004004619372127974
1114,0.0031676990508176348
1116,0.008228756955442175
1117,0.0029015898649550186
1119,0.002043318840873998
1120,0.004120952258166301
1121,0.0011018983851782502
1122,0.002550188260177998
1123,0.005661855745798292
1124,0.0035588913616075007
1126,0.001706198354892099
1129,0.001614173685431562
1130,0.0026073766058492113
1131,0.003280840796664884
1132,0.004623843989988289
1133,0.0028458935206108885
1134,0.0007187620572048105
1135,0.0014625010733511298
1137,0.0022570472354972357
1139,0.0024359678295268893
1140,0.004792980156301478
1141,0.0031076592281958594
1143,0.005141085861290657
1144,0.0014290577605107562
1145,0.002176544357040048
1147,0.002900139878273256
1148,0.0011372641536786766
1149,0.0013905763054584343
1150,0.0034314565312543116
1151,0.002197859530099388
1152,0.0019351515854428886
1153,0.004814287248963931
1154,0.0018179947625253253
1155,0.006646674783708939
1156,0.0029932163297142224
1157,0.002622134742228146
1159,0.0018240040446317806
1160,0.004118422763304034
1161,0.005109756163191557
1162,0.0013324550351958772
1163,0.007679131571660486
1164,0.00373104551919145
1165,0.0017413506448736413
1166,0.004722262610591128
1168,0.0033721856340319383
1171,0.001848634788460498
1172,0.0013577018933887258
1173,0.004695826808083882
1174,0.0026869166730128517
1175,0.0021171426727618213
1177,0.004415676646740256
1178,0.0027270620306657323
1179,0.0031005921691030234
1180,0.002520481272380285
1181,0.008533243375316274
1182,0.0023641367917435784
1183,0.0022117816254469684
1184,0.0023012773031935714
1185,0.004211130028316559
1186,0.0034797426645783312
1187,0.0022367279284390825
1190,0.004915733096252984
1191,0.0037426466465088045
1192,0.0026094225080844553
1193,0.0020724841251355767
1196,0.003533174565491169
1197,0.0025155146220494098
1198,0.0009816884805151675
1199,0.0040084842356817646
1200,0.004060190763351881
1201,0.003443490223732022
1202,0.0024959887143627454
1203,0.002807451493462589
1204,0.002641912509421258
1206,0.0028698078844372633
1207,0.006891581936215442
1208,0.005413488173693446
1209,0.0012051160365318893
1210,0.007626419812793531
1211,0.0015964999357543429
1212,0.001817453892217012
1215,0.0015857590486680385
1216,0.0029286898951935035
1217,0.001596608861089081
1218,0.00505844215383921
1220,0.002392389950641644
1221,0.0038376635364369
1222,0.005686422045628364
1224,0.0016133149021928847
1225,0.0045936263319289
1226,0.0014032690918258128
1227,0.00283680750374695
1228,0.007262821968312254
1229,0.0037121578858166867
1231,0.006601845358653516
1232,0.0024676486532479052
1233,0.0020610558267647986
1234,0.003982015502297742
1235,0.004286187316688685
1238,0.001811916026122187
1239,0.002601193966201015
1241,0.004014946240579805
1242,0.011662945981048275
1243,0.005885720752345718
1245,0.004180336345165283
1246,0.004342147799852868
1247,0.006745984347975882
1248,0.0025869447902233393
1249,0.0015437864587309815
1250,0.0028752288359082737
1251,0.0014283599640494155
1253,0.004478738709970047
1254,0.001318081566061036
1256,0.004153381852356853
1257,0.007967143360868722
1258,0.006598096188249447
1259,0.001666472818186561
1260,0.0025521109399470492
1261,0.006209775951729492
1263,0.0020702457029184197
1264,0.002034165549931662
1265,0.002696117018560323
1266,0.00428288321322209
1267,0.0027783684826763856
1268,0.005162312679716833
1269,0.004136597889881144
1270,0.0021590594881274855
1271,0.0011632843522079324
1272,0.005027884922652552
1273,0.0012015135355073613
1274,0.0021647891721034563
1275,0.004249902994083273
1276,0.007604438294747063
1277,0.007653756118150051
1278,0.007134814156643819
1279,0.0038431996507832696
1280,0.004281046373608175
1281,0.0070143775159514895
1282,0.0022815194592544948
1283,0.005516616707406489
1284,0.003657103750362375
1285,0.002856815810683872
1286,0.0023442056323835113
1287,0.002345955132253347
1288,0.001477167981266022
1290,0.0019566590948858808
1291,0.0024194730940603243
1292,0.0021392734059585607
1293,0.002816592362332339
1296,0.00281282732821364
1298,0.0018459397880181395
1299,0.0019313043555055102
1301,0.006873880192472957
1304,0.0032908039459644384
1305,0.0024177456384051436
1306,0.001587076236501713
1307,0.004614407410154559
1308,0.005429045277352562
1309,0.003716139858920941
1310,0.0017166718883368918
1311,0.0008864924689791271
1314,0.0066406198048335335
1317,0.0015756854742349005
1318,0.00274417108507219
1319,0.0014020992822860992
1320,0.0035760434310238578
1321,0.0031869318515368537
1322,0.002198103171314926
1323,0.005151041899000086
1325,0.002860667631147664
1326,0.005662734084884547
1328,0.010672361198476088
1329,0.005190227449196009
1330,0.0034871027370976145
1332,0.0041370594108466495
1333,0.006027501757982276
1334,0.0032265329242745448
1335,0.0022610224960110826
1336,0.004156208155549699
1337,0.0033238989360040044
1338,0.005107708406482147
1339,0.0020134102551013595
1341,0.001706561734299975
1343,0.0038038541492188033
1344,0.0052430406147775934
1345,0.007382904436963051
1347,0.001296519702294866
1348,0.0034377493904229747
1349,0.0028165522858126365
1350,0.003464779555827451
1351,0.0015998199924305793
1352,0.0033365916424275633
1353,0.0041423258812195015
1354,0.001640281955549276
1356,0.005223333721781423
1358,0.002037263840449123
1359,0.0015592861941942351
1360,0.002784737841422883
1361,0.0027514615738280716
1362,0.0021284480899174825
1363,0.0024728310413714913
1364,0.0058029857979344564
1365,0.002044792886997572
1371,0.0040467196022326
1372,0.0010096441700545183
1373,0.002877986555210188
1374,0.0024646768041425206
1375,0.0027965324559370078
1376,0.003413431332696205
1378,0.003168932754252096
1379,0.004747569250540817
1380,0.004152019241461065
1381,0.0022801883204893233
1382,0.0019018813012485845
1383,0.0013903273172236298
1384,0.0022863323726085177
1385,0.005589195805349362
1386,0.002226615400728351
1387,0.004233771211246899
1388,0.0015113085336783251
1389,0.0023145045604907135
1390,0.004819522412480522
1391,0.0025277737152273497
1393,0.006965050616560709
1395,0.004042463417011645
1396,0.004992073474253018
1397,0.0037577194895763574
1398,0.001815129678726377
1399,0.0026147028066373554
1400,0.005269770588242892
1401,0.0034052282268325533
1402,0.001973796866671643
1403,0.001968370456464483
1405,0.003318990001611739
1406,0.0028840922649672803
1408,0.0022349252320752874
1409,0.003928515977088741
1410,0.003411310331982848
1411,0.003925760907496526
1412,0.005637749859682926
1414,0.0024018406810542856
1416,0.001058020353366702
1417,0.005889474378313302
1418,0.0036605375024064274
1419,0.003913377634084393
1420,0.0016783967755863594
1421,0.0021551392659586734
1423,0.0020327364782797837
1424,0.010551966293993494
1425,0.0035970710215938134
1426,0.0021161733180534627
1427,0.0032051402564181397
1428,0.00374964887618655
1429,0.0030993805187332743
1431,0.004619718724923972
1433,0.002501065862175099
1434,0.001491420389080145
1435,0.003938548329187018
1436,0.0019927771743155345
1437,0.0056228801993300085
1438,0.0054949227808840755
1439,0.0032631011530365444
1440,0.002376804553528836
1441,0.0017630645982183975
1442,0.002616718542640949
1443,0.0027140376038424915
1444,0.002120838756363722
1447,0.0020734774319105653
1448,0.0040681247060802145
1449,0.003482650458228808
1450,0.0028447088646462735
1451,0.0026568336679541104
1452,0.00384436616832753
1453,0.004015783688255478
1455,0.0034555945996264095
1456,0.0013199982874755312
1457,0.0015353977577228283
1458,0.0046483830464626365
1460,0.00295749740284384
1461,0.004107582205765106
1462,0.006034399192032604
1463,0.002264502922889583
1464,0.0015327467547002899
