,pi_i
1102,0.0017537365987475317
1103,0.0026509744808519355
1104,0.006287262286804231
1106,0.0021348719060476605
1108,0.0013497596587644595
1109,0.0007577234914550044
1110,0.0025548787882787986
1111,0.0025016037058708204
1112,0.009871185729804423
1113,0.005159771080522064
1114,0.0025107172797208584
1116,0.011804901581837607
1117,0.0037908961872882745
1119,0.0015157623542722662
1120,0.003630301278431616
1121,0.0016666594407741752
1122,0.0029208439496792404
1123,0.0035195515574198213
1124,0.0032533599177597223
1126,0.0013425263003114729
1129,0.0027978372708644577
1130,0.004127355223763052
1131,0.0019575510973691606
1132,0.004577505323798327
1133,0.002454853867622417
1134,0.001267153778091979
1135,0.0015222694474459925
1137,0.003230234155597823
1139,0.003309800203510592
1140,0.004601734885181007
1141,0.00309434762493932
1143,0.0039012174333667867
1144,0.0009082414378436427
1145,0.002339080653435069
1147,0.001801970121632838
1148,0.0013152677772884328
1149,0.0012342664876971087
1150,0.003124441552655719
1151,0.002971249007145688
1152,0.0011547763365106784
1153,0.0045253460941718894
1154,0.0012387222275409811
1155,0.003290966385879541
1156,0.0023755346721713393
1157,0.0034877802416327323
1159,0.001545329121925135
1160,0.005370587163059045
1161,0.003105627210546504
1162,0.0014990374967432589
1163,0.005149986644042297
1164,0.004011109323545419
1165,0.0015308163114644466
1166,0.005515417827425523
1168,0.00285900202329238
1169,0.0014414389334322826
1171,0.0018522594888248688
1172,0.0017021095647231491
1173,0.0029864994893573577
1174,0.0024541100554444028
1175,0.0023219237220407033
1177,0.005341395992723778
1178,0.002335075666228662
1179,0.0022093540831973012
1180,0.0022801679198493183
1181,0.010073510286677754
1182,0.003321092975326892
1183,0.0028872412632171616
1184,0.0030364170847859127
1185,0.005321349936226085
1186,0.0018685146102512045
1187,0.0019873004522175663
1190,0.00621102713722574
1191,0.0027490575731802646
1192,0.0034790670162868132
1193,0.0019931527044484473
1196,0.0037854673716117794
1197,0.002180451606480789
1198,0.0010564014356564152
1199,0.004700708763910404
1200,0.0039018602052043115
1201,0.003286030023202889
1202,0.0031754649618694125
1203,0.0047046540565195425
1204,0.002786793667006039
1206,0.0031463529702501405
1207,0.005057129987818856
1208,0.006548094408044389
1209,0.0023373516279975057
1210,0.005971899083846444
1211,0.002375158428934982
1212,0.0011414644440679148
1216,0.0027412424439797536
1217,0.0015189175168339468
1218,0.002940363167981464
1220,0.00240403609953939
1221,0.002807537348454834
1222,0.00474553003731016
1224,0.0020508669842581903
1225,0.002636901895770564
1226,0.001713733557409584
1227,0.002534007894115225
1228,0.004823005452257368
1229,0.0017960117671631925
1231,0.010515745526352625
1232,0.0031048481324033963
1233,0.003738391599434226
1234,0.004959109062290362
1235,0.004317956504545965
1238,0.0028726533004740963
1239,0.0017892695129497242
1241,0.0035524650512017758
1242,0.008582524968992655
1243,0.004827777278569906
1245,0.002673564133639767
1246,0.007268218994871354
1247,0.004139971567186977
1248,0.0020496514016412394
1249,0.003238291358182726
1250,0.0027418296317449913
1251,0.001265155556814932
1253,0.002769265841071086
1254,0.0014311728472679733
1256,0.0052589465722314025
1257,0.004508397454829122
1258,0.0026522106344804603
1259,0.0024093972244780093
1260,0.0019958974952193997
1261,0.006794583492536121
1263,0.0022136778069279726
1264,0.0025315438969123753
1265,0.001555922480152943
1266,0.0032075042903686427
1267,0.002697691670160827
1268,0.0042063909565348435
1269,0.004178956638472736
1270,0.0014706393188680122
1271,0.0011191920493573058
1272,0.004207137197158522
1273,0.0009935378119682653
1274,0.0032165676205667625
1275,0.003976280832343538
1276,0.004320312588806595
1277,0.005477428696476962
1278,0.004475623171812131
1279,0.0030634344587443523
1280,0.005385969180286821
1281,0.006215302927685244
1282,0.0019408650798594346
1283,0.004572946652574992
1284,0.0030412668870298
1285,0.0027826554222869088
1286,0.0017287949595778118
1287,0.0020713341668454743
1288,0.001457310546668088
1290,0.0014478430427610945
1291,0.001748957011271494
1292,0.0032376607424999264
1293,0.0048722722470002314
1296,0.0050907789405066186
1298,0.0020969278319062316
1299,0.002028928386753009
1301,0.005844640893716201
1302,0.000823736102974973
1304,0.008424272727608305
1305,0.002758692308045834
1306,0.0014859006754264082
1307,0.0040756673791894306
1308,0.005194922482655256
1309,0.004200953349233765
1310,0.002233759126772017
1311,0.0011861328897810382
1314,0.01012029804666461
1317,0.0022776552285356274
1318,0.0035557501670797124
1319,0.0010260410914748985
1320,0.0027344487053704686
1321,0.0020682507475086
1322,0.0012784051605618041
1323,0.003938971618470365
1325,0.003018055355180856
1326,0.0082464031335688
1328,0.005630777856041798
1329,0.008334793404346123
1330,0.0033462627053427235
1332,0.004128983337235572
1333,0.0038041676601181713
1334,0.003297794030165115
1335,0.002115848294044554
1336,0.004647972878094385
1337,0.003802469121616924
1338,0.006184549389262755
1339,0.001559899559982456
1341,0.0006938614695961943
1343,0.0047893374908822214
1344,0.004885718806481704
1345,0.005242882063559563
1347,0.001954681677202434
1348,0.002707726094625024
1349,0.003914966873557497
1350,0.0034041372369066963
1351,0.0023931404619834595
1352,0.003479492014774348
1353,0.004001028083589899
1354,0.0020433481727586806
1356,0.00509268963753991
1358,0.0013667809841992889
1359,0.0012058192202631418
1360,0.0034470005043750725
1361,0.0028715767790176657
1362,0.0018816868881590815
1363,0.0020174014802325866
1364,0.0037479421491174556
1365,0.0032271347947648923
1368,0.0015026229646925764
1371,0.006317552958835888
1372,0.00167535204172415
1373,0.005055068520508318
1374,0.003641898990326256
1375,0.004409556250382323
1376,0.0044882110180948925
1378,0.003299453855344508
1379,0.004372982588689243
1380,0.0025652139023264256
1381,0.0025014731834389512
1382,0.0015093378859969578
1383,0.0020923798286865895
1384,0.003460330458892303
1385,0.005135613262606039
1386,0.003374379230992672
1387,0.003321549382888562
1388,0.0026302366395659056
1389,0.0047753468510102655
1390,0.005272546577262498
1391,0.0030338187493480526
1393,0.006734690319658704
1395,0.003173720689931553
1396,0.00543104865580946
1397,0.004286253553584859
1398,0.001619130588813969
1399,0.00258811547026592
1400,0.006040727491083445
1401,0.0021858598979418403
1402,0.0014354075855888353
1403,0.002758402997735189
1405,0.0031496348405466485
1406,0.0027743718224061864
1408,0.004136155918453148
1409,0.0048142438712912485
1410,0.001980516750557662
1411,0.0021610318682017877
1412,0.0035213815306187543
1414,0.002680035643692666
1416,0.0018280971715038123
1417,0.007603642750380886
1418,0.004104688219751192
1419,0.004068406316063925
1420,0.0015668053628888842
1421,0.0009858533469482482
1423,0.001996634092468032
1424,0.016467528124227002
1425,0.005505556897821179
1426,0.00222074508661644
1427,0.0033605146803351435
1428,0.005034608868044462
1429,0.0029785630013292427
1431,0.0037050560062269686
1433,0.0026551595064920157
1434,0.0016641190336389282
1435,0.005129947968143104
1436,0.002103884863616482
1437,0.005226205172298305
1438,0.006681698654344237
1439,0.0029925799787127957
1440,0.0018425241007463938
1441,0.0015299977358350925
1442,0.0021505945501314808
1443,0.003037567703989616
1444,0.002173517769805765
1447,0.0015375053655856895
1448,0.005591107291196161
1449,0.0035566501068864972
1450,0.003473826982791044
1451,0.0020975588766512492
1452,0.004841033104475425
1453,0.00428371287233663
1454,0.002596113330280089
1455,0.0030607260561256546
1456,0.0021277792502333833
1457,0.0010366176022654748
1458,0.0042352106642623314
1460,0.0024170381228749735
1461,0.003907723455952982
1462,0.003926329296447749
1463,0.002422815421765198
1464,0.0016711144684983278
