,pi_i
1102,0.0017255443975811538
1103,0.0023292864642634028
1104,0.006066307138591389
1106,0.001820610855576583
1108,0.0019315025359519253
1110,0.002737674513460515
1111,0.0025355288602929796
1112,0.00958284970812753
1113,0.0041111901464919096
1114,0.002876301016551409
1116,0.0075392311627686765
1117,0.0032872943529738247
1119,0.0015652329799225205
1120,0.003588779797236252
1122,0.0020692243820821764
1123,0.00413144144930328
1124,0.003286163238977989
1126,0.0008441299507136725
1129,0.0024411810271968214
1130,0.004633183502668728
1131,0.0016726934050300837
1132,0.0031117835983358886
1133,0.002009515676119079
1134,0.0011723532604888192
1135,0.0019861262912782163
1137,0.0035605929205367293
1138,0.0008539516459601663
1139,0.004273042978946248
1140,0.006091073768873266
1141,0.00209024576494968
1143,0.003506417945687907
1144,0.0020263238165951656
1145,0.0018664921057783127
1147,0.0012539173928355193
1148,0.0011146440588997559
1149,0.0018413691565953552
1150,0.004901886931612127
1151,0.0035305333040149727
1152,0.0013114859383639005
1153,0.007364575269198758
1154,0.0014661283621393605
1155,0.003490625486993164
1156,0.0026052830195699398
1157,0.0017745846758482405
1158,0.0029214440473879994
1159,0.0022163023661351073
1160,0.004281412067637117
1161,0.0026914948317712374
1162,0.0021944944324778044
1163,0.005708589689716191
1164,0.0020388276769533866
1165,0.0018764104623262702
1166,0.0021252023028548806
1168,0.003416910669070982
1169,0.0019304823022826244
1170,0.001238476836241762
1171,0.0014433040544943585
1172,0.00170202138898099
1173,0.003325688512799622
1174,0.0033462880825101435
1175,0.001356925192423438
1177,0.004879421746763532
1178,0.0028665668281695283
1179,0.0018677632123229903
1180,0.0025327566335988407
1181,0.010543168467150251
1182,0.003652461577394874
1183,0.0029977250703679026
1184,0.0029857491441840837
1185,0.002569488161938203
1186,0.0016459464843947092
1187,0.0020235619546917576
1190,0.00418187019808752
1191,0.005380995873519038
1192,0.0021179630847988715
1193,0.0023550323443921385
1196,0.004163947643707535
1197,0.0018999443174441055
1198,0.00146115877843665
1199,0.005644731409235245
1200,0.0040376695665667135
1201,0.0035181325703139534
1202,0.002858282595924497
1203,0.0035789731123839646
1204,0.003337360879542115
1206,0.0018044445358964955
1207,0.0050257876950832725
1208,0.004961485172489159
1209,0.0024545514396885435
1210,0.007008183145593348
1211,0.0031392895679327997
1212,0.0009028516599418104
1216,0.0014751714736183183
1217,0.0012350978718714653
1218,0.003240878486215428
1220,0.002736381511836814
1221,0.003367125960524825
1222,0.005628740057178682
1224,0.00206999131019196
1225,0.002672420098131372
1226,0.0022140005920674973
1227,0.0032703170800021442
1228,0.004883664533806581
1229,0.003083055314561923
1231,0.010979313140600695
1232,0.002725463635221419
1233,0.0029571694282885985
1234,0.006448091619052555
1235,0.005421382257654492
1238,0.0020654400210623693
1239,0.002496037475980494
1241,0.004978364414826499
1242,0.010258493095550646
1243,0.0036228919147873605
1245,0.0027738908727181853
1246,0.00815403552088689
1247,0.005197202812719775
1248,0.0020071327900713655
1249,0.0030321769023054306
1250,0.0024695580212513394
1251,0.002495328214896862
1253,0.003480706332948922
1254,0.0017345293500989768
1256,0.00471980369090414
1257,0.005458000985437021
1258,0.002825016610160932
1259,0.0028489154198532234
1260,0.0028946851077542787
1261,0.006783572529451855
1263,0.002848758101725771
1264,0.004139602154885798
1265,0.0021382964400015357
1266,0.004328801689688242
1267,0.0019044703047150328
1268,0.004629995887372849
1269,0.007720462249116896
1270,0.001475104743066039
1271,0.0006801747294562207
1272,0.005239416363691807
1273,0.002252994975636687
1274,0.0028405072780688474
1275,0.004550886029608333
1276,0.006532459741055502
1277,0.006233867855475685
1278,0.005166172707542862
1279,0.003068686340017848
1280,0.003596114403816801
1281,0.006879890092314339
1282,0.0031730621033219876
1283,0.00391534662763888
1284,0.003023572209452756
1285,0.004169067798992641
1286,0.0022630996362645204
1287,0.0023482708088716393
1288,0.0007879466127020632
1290,0.0020220572704991056
1291,0.001547905754151107
1292,0.002659916856194827
1293,0.003384540950527537
1296,0.002523877161052688
1298,0.001962764139726476
1299,0.0017942615161091605
1301,0.003787680488504242
1302,0.0014790338157915069
1304,0.005224740045142056
1305,0.0032407945851420108
1306,0.0014376831444011665
1307,0.004154790261515045
1308,0.00469633581403884
1309,0.004017614160524933
1310,0.0026818520939679525
1311,0.0022977528074852593
1314,0.007093787154382383
1317,0.003135570578120712
1318,0.0019952688511861373
1319,0.0011713590520247958
1320,0.002290868777951013
1321,0.0028596144464919106
1322,0.0018339528661246477
1323,0.004184518459143272
1325,0.003544370137433733
1326,0.008246729900230615
1328,0.006858072743635003
1329,0.008476698012056224
1330,0.0026808023650787822
1332,0.0018847043701774823
1333,0.004352564906362271
1334,0.0035348808736881334
1335,0.0030270301056745143
1336,0.0043590697914233124
1337,0.0048780842276457655
1338,0.005994401449370082
1339,0.0018181690979208534
1341,0.000412974302915692
1343,0.004173280152444541
1344,0.004164202891189081
1345,0.00493170791857577
1347,0.0022434209323260092
1348,0.005478383911784073
1349,0.004536130798168737
1350,0.0045539538986958065
1351,0.0021633899947219293
1352,0.0030135702351602534
1353,0.004634270830637
1354,0.0019414535972698333
1356,0.0038119716629016363
1358,0.0011709594357688152
1359,0.0018458438766391196
1360,0.002562658195575525
1361,0.001835979901882796
1362,0.003270053137269095
1363,0.0016970244604119806
1364,0.003811908677285961
1365,0.002739164750339106
1368,0.00155517278777068
1369,0.0020119361484659324
1371,0.005474723461604703
1372,0.0021872479077144364
1373,0.0031465829171526383
1374,0.0027561998179659935
1375,0.003567359256661398
1376,0.003483780853375345
1378,0.004049368402148182
1379,0.0038342015218479656
1380,0.002266954249774935
1381,0.0033737993531346116
1382,0.002129691971069862
1383,0.002214439968216563
1384,0.0016863076065913027
1385,0.006042238778469109
1386,0.0032914348201859302
1387,0.002353063314486906
1388,0.0023963336687195178
1389,0.002172517445915194
1390,0.005969069980385905
1391,0.0013942632372577033
1393,0.005093377082334639
1395,0.005454078641805129
1396,0.005405898491412346
1397,0.004775618034732135
1398,0.0013728787103683086
1399,0.002670699593919528
1400,0.005928387062302745
1401,0.002146903457447965
1402,0.0015626245127310047
1403,0.003699663666663087
1405,0.0019506145105397455
1406,0.003144608288290888
1408,0.00540156960602982
1409,0.0031369051418082524
1410,0.0013913965154586233
1411,0.0021298457666264273
1412,0.004106927533944827
1414,0.002462312459942075
1416,0.0019283657534848303
1417,0.007714761088482904
1418,0.003931324735287037
1419,0.0030086273011665442
1420,0.0018097965406746164
1421,0.001288027707124055
1422,0.0015370844877383477
1423,0.002381569492429238
1424,0.006869647966637834
1425,0.005057758734252921
1426,0.002968675186293467
1427,0.0030630192937956277
1428,0.0036414177294842214
1429,0.0033365214777944957
1431,0.004895656093157188
1433,0.0036739682934997806
1434,0.001493883902218552
1435,0.003816113477206894
1436,0.0023446960846860857
1437,0.0046421722676731865
1438,0.005629216409881059
1439,0.0032075708629918606
1440,0.0016194080861335043
1441,0.0014017975623359903
1442,0.0019803166237739697
1443,0.003868227949304661
1444,0.0040662106158166796
1447,0.0020527198775207815
1448,0.005578753835465684
1449,0.0028670338203463834
1450,0.00519342002687262
1451,0.0028450254300587657
1452,0.005678077718583371
1453,0.00502131556871633
1454,0.0027786988836037353
1455,0.0021130425037235983
1456,0.002007757547183278
1457,0.0010261373368232805
1458,0.004354035616861685
1460,0.0023009602130443676
1461,0.003802893281371668
1462,0.0035328637433671367
1463,0.002511152993152959
1464,0.0010419383594534731
