,pi_i
1102,0.0016969169745543098
1103,0.0017129090315992647
1104,0.004829555504692623
1106,0.0020978924274412335
1108,0.0018816291865811274
1110,0.0034288152759593044
1111,0.0024589192089534435
1112,0.007427295101697846
1113,0.004059555200751214
1114,0.0023997825046363163
1116,0.006934437150068898
1117,0.003797735003350009
1119,0.0011888331373885932
1120,0.004385095091087545
1122,0.0016169865764079597
1123,0.003801641212305428
1124,0.003314641874323935
1126,0.0011343688292263059
1129,0.0030405330823533713
1130,0.004924871767942137
1131,0.0014322365460440133
1132,0.0026450484807507475
1133,0.002686863849093413
1135,0.0015425340238381506
1137,0.003427112778650029
1138,0.0012872373392624151
1139,0.002735301688801061
1140,0.005770836756890868
1141,0.00162930644364278
1143,0.005320014644280051
1144,0.0015969963392230674
1145,0.0024692939204562477
1147,0.0014327142853301684
1148,0.0010409826228179532
1149,0.0012149781403162716
1150,0.0042017218879444596
1151,0.004694455881244149
1152,0.0011186422276503773
1153,0.008366910525685401
1154,0.0019257974441400207
1155,0.004721627115993275
1156,0.0033617769481184222
1157,0.0032306672627974487
1158,0.002509335900266172
1159,0.002366951374164415
1160,0.003594623272226579
1161,0.003110933785650118
1162,0.0027015268228169644
1163,0.004646450455551394
1164,0.003148747283277498
1165,0.002907775353946007
1166,0.0024205448166944705
1168,0.00349948339947616
1169,0.0021073527897066484
1170,0.001356620379530926
1171,0.002070723252064984
1172,0.002410916501060936
1173,0.002264839590750557
1174,0.0034495266554430363
1175,0.0014743169367170104
1177,0.00409299163933023
1178,0.003161826550651521
1179,0.0029348938884952583
1180,0.0031536715225124576
1181,0.010208874686616005
1182,0.003548543232799502
1183,0.0017344985936508673
1184,0.0028783295021619147
1185,0.0025689066844444323
1186,0.0015961778261404601
1187,0.0029795509912167815
1190,0.0032178135637099307
1191,0.0047456612703827405
1192,0.002022797971140049
1193,0.002719122623027187
1196,0.004845210153434077
1197,0.0012940311275774943
1198,0.002639653838878203
1199,0.007801067872765902
1200,0.0023777523431217293
1201,0.002437130757910588
1202,0.0025081134869624913
1203,0.005550183025042002
1204,0.0028902064845685613
1206,0.0020503916567977953
1207,0.00439381065593497
1208,0.004736687011313155
1209,0.0018514659266346684
1210,0.0064121138840181145
1211,0.0032253411528713224
1212,0.001636697933494312
1216,0.00241543454814235
1217,0.0013503312864652664
1218,0.00292441246972331
1220,0.0020518389619256154
1221,0.0039702433347965785
1222,0.00546823927134794
1224,0.0013696259021020204
1225,0.0030987090883106473
1226,0.0021558867391712516
1227,0.0031445182647140677
1228,0.00565444044264007
1229,0.0035685425818754936
1231,0.01083631123709269
1232,0.0029225049836096332
1233,0.003047693483339571
1234,0.007724295348753135
1235,0.00679236264520285
1238,0.00372801056623627
1239,0.0022044856708932814
1241,0.005545426001048923
1242,0.007510422488849966
1243,0.0049305194689751395
1245,0.00237814292246885
1246,0.0099295888472424
1247,0.0029004637487633988
1248,0.0015874572939643514
1249,0.003457992437195077
1250,0.0014946079965486008
1251,0.0022226821987971048
1253,0.005018256573759775
1254,0.0019304885410391661
1256,0.0017850239110684394
1257,0.005639800329029623
1258,0.0018324487892369234
1259,0.001604957210376115
1260,0.002003227230274433
1261,0.005296548618376474
1263,0.001924996229523797
1264,0.004151663722267278
1265,0.0020518123480906454
1266,0.006010798539205017
1267,0.0024979943368386845
1268,0.0042236411874731015
1269,0.006941316777040872
1270,0.002391799439875553
1271,0.0012304429728566236
1272,0.005387370222233769
1273,0.002087764326992603
1274,0.0032638120125385722
1275,0.003912786794365051
1276,0.009113710029531331
1277,0.0052415916988022134
1278,0.005568736963684034
1279,0.0024177666879262255
1280,0.003197378752253372
1281,0.0056252865571524615
1282,0.0022909347902074864
1283,0.003956362269441021
1284,0.002262541556494059
1285,0.002269009293077152
1286,0.0018250060170788892
1287,0.001303743043939144
1288,0.0013748098465827321
1290,0.00231173431191897
1291,0.002300996805618305
1292,0.001703224115420267
1293,0.0030705435394369133
1296,0.0018749718574656842
1298,0.001424911778333449
1299,0.0014997690851190897
1301,0.0029292350308695535
1302,0.0017423753809979333
1304,0.005117608203982091
1305,0.002190454866431951
1306,0.0016403717439655218
1307,0.004558901350176065
1308,0.00495199012027812
1309,0.005567393315235759
1310,0.004407742217866961
1311,0.002103610169160475
1314,0.013198007246734738
1317,0.0018013028140018935
1318,0.00313030797570105
1319,0.0015895658808140337
1320,0.0023443960875083624
1321,0.002958484677463263
1322,0.001970890845044909
1323,0.003244284354251209
1325,0.0026744472984636877
1326,0.004926572035077913
1328,0.005806986088169442
1329,0.00469477359447612
1330,0.003932427631092793
1332,0.00289727467355861
1333,0.004027921660846608
1334,0.0036806701475700105
1335,0.004103113528002892
1336,0.0031213307408774994
1337,0.0036116146367494734
1338,0.004426982859773471
1339,0.0014842954275773596
1341,0.0006513276828705218
1343,0.002668914020191028
1344,0.005261866318679345
1345,0.005261093750775308
1347,0.0019582702839893765
1348,0.00559992946121351
1349,0.004280377108877835
1350,0.003550286952397646
1351,0.002893229143446958
1352,0.0019188534813664216
1353,0.004152229367181077
1354,0.0019335077500531085
1356,0.005602015549273586
1358,0.0014839888280964036
1359,0.0021610760093656745
1360,0.002256657094553329
1361,0.0017324917438475563
1362,0.0028630569265042285
1363,0.0024592781273656454
1364,0.004441579327586502
1365,0.0029992570873773306
1368,0.0015712283384954678
1369,0.002233651958317138
1371,0.008363647080500374
1372,0.0021246536450443645
1373,0.0035316497775558157
1374,0.0038322413838665663
1375,0.003936317556362037
1376,0.0031147750107619137
1378,0.0026005646148601863
1379,0.0033475477723995907
1380,0.003382268391454447
1381,0.0023072857170284536
1382,0.002896090556436589
1383,0.001706209211441609
1384,0.001850690625805586
1385,0.0054024352053930694
1386,0.004586280646816474
1387,0.003893701083408605
1388,0.0019469529830097258
1389,0.0020471217147834063
1390,0.00265897000672443
1391,0.0017678196382983299
1393,0.005387648313672256
1395,0.002050371579669717
1396,0.005886016023149905
1397,0.004593745534844224
1398,0.003244606143156027
1399,0.0023585971939977367
1400,0.0033724965024373205
1401,0.0032448145719794624
1402,0.0026727996539687884
1403,0.0036442488443749694
1404,0.0014324219609850389
1405,0.0022370045744046713
1406,0.0021904006332156734
1408,0.004685759110840126
1409,0.003327993008045642
1410,0.0010888386682534321
1411,0.0021477248089413173
1412,0.004913607301576008
1414,0.00256590738931068
1416,0.0014421316277285553
1417,0.00510368823433419
1418,0.004202516638368481
1419,0.005372338411500494
1420,0.002069752701694168
1421,0.0009800873486873385
1422,0.00154874288767786
1423,0.0034251172971836255
1424,0.005543850772628262
1425,0.003772176832329039
1426,0.002282530780665677
1427,0.0023808666705673544
1428,0.005548349149266458
1429,0.0029790333049832707
1431,0.003964791171184774
1433,0.005276334298122409
1434,0.002394558240426036
1435,0.008095408498962746
1436,0.0016497259456767317
1437,0.004078714403697792
1438,0.005937412058110119
1439,0.0027198035925123944
1440,0.0014816242407139735
1441,0.0014556849712009298
1442,0.0017088689744826774
1443,0.00650290309785073
1444,0.003140830042555277
1447,0.0028432915066663486
1448,0.006742526737346661
1449,0.0031870713768389837
1450,0.00458327305672249
1451,0.002685055056957667
1452,0.0053829435210061526
1453,0.0028414774697817944
1454,0.0034634503965460125
1455,0.002526870943153362
1456,0.0026739019212578645
1457,0.0020198964657230875
1458,0.0041704434893951765
1460,0.0035542851805762748
1461,0.0025217145994106756
1462,0.004988722655089461
1463,0.0020135035270480045
1464,0.0011871794866677994
