,pi_i
1102,0.001597957714216405
1103,0.001867050154219485
1104,0.004502079729757245
1106,0.0022240226877904812
1108,0.0008491935267703151
1110,0.0020118335173146505
1111,0.0029433784303103537
1112,0.009429000673211231
1113,0.004255539069323291
1114,0.0028105709923952945
1116,0.008236576056092857
1117,0.003140118048707522
1119,0.0014116678736894965
1120,0.0040453195496327156
1122,0.0020413961383401015
1123,0.003160413655904792
1124,0.0028174155167303614
1126,0.0016147481416940378
1129,0.003028023468007914
1130,0.006399909621351976
1131,0.002132743615850154
1132,0.0036248266681992627
1133,0.003149450060430956
1135,0.0018913289935794358
1137,0.002010951816313392
1138,0.001632723335916485
1139,0.003370284116627791
1140,0.003957267985144733
1141,0.0015063051060329937
1143,0.006173902668745919
1144,0.0028235099920123313
1145,0.0038676965025757053
1147,0.002461386173731008
1148,0.0007643905432077889
1149,0.001774241843446805
1150,0.004784969211730817
1151,0.0038373860008880994
1152,0.0010318926631969942
1153,0.006106664088279981
1154,0.0022507404091373735
1155,0.004949830666058532
1156,0.0024781493848773056
1157,0.0020665527344205883
1158,0.003679506163877685
1159,0.002951610752815233
1160,0.0025955517876431054
1161,0.0032078352972209636
1162,0.001287074241379114
1163,0.009309346609424276
1164,0.004314681851571099
1165,0.0015119764885705063
1166,0.0017654473634128906
1168,0.001991365494802575
1169,0.0016089110147586552
1170,0.001109653767393485
1171,0.0016539363131244872
1172,0.0037402780250179505
1173,0.002097607296795841
1174,0.002457730460018589
1175,0.001272592051745076
1177,0.004579625871285789
1178,0.002974341677401923
1179,0.0024907935564477696
1180,0.0043076818638058565
1181,0.007167653260431623
1182,0.004276692000815144
1183,0.0019521732918379576
1184,0.002458943583506679
1185,0.0027729063007805063
1186,0.0011925933155250267
1187,0.003314284487984997
1190,0.003119298079152554
1191,0.00424712016983251
1192,0.0021881080588585077
1193,0.0021035962670403747
1194,0.0013074535897938176
1196,0.00693521384783582
1197,0.001220071007110475
1198,0.002126386801518352
1199,0.0044716635001368025
1200,0.0018295755612311238
1201,0.003791990039825411
1202,0.0021434645618351607
1203,0.004879058763887993
1204,0.0023702937573758776
1206,0.001878728558282735
1207,0.005995028390144326
1208,0.004659785129417222
1209,0.0022026360408798767
1210,0.005269003074215866
1211,0.003941321120648144
1212,0.0011518278574059627
1216,0.0031940942013180063
1217,0.001798200130014485
1218,0.0034855005012159185
1220,0.001374125245948884
1221,0.0020281320735074404
1222,0.0021838985948485026
1224,0.00168057542293163
1225,0.003205619631604878
1226,0.0030429633814517717
1227,0.003933773599061548
1228,0.00651764928379693
1229,0.0035619945196798024
1231,0.0059347555677724895
1232,0.001657056435610652
1233,0.0017113647641199732
1234,0.004631998269011981
1235,0.004527731669556373
1238,0.0033123561644797283
1239,0.0031118963140628103
1241,0.0037303161118109308
1242,0.007832525342740121
1243,0.004179787318227386
1245,0.0028297079561616736
1246,0.009483915086992244
1247,0.002666412598934753
1248,0.001735355659278845
1249,0.0022585332613078856
1250,0.001554675252722886
1251,0.002550918818162641
1253,0.0026687403894236
1254,0.0011463172104715109
1256,0.0012144672998938575
1257,0.008285439460575897
1258,0.0018139101164347602
1259,0.0029015221868055226
1260,0.002058304030288427
1261,0.0038215117038336854
1263,0.0031772396812292975
1264,0.004422794296136266
1265,0.002316331552516959
1266,0.006038334490905921
1267,0.0017260322438450953
1268,0.005237280602245989
1269,0.00856214230345018
1270,0.0019274427928883406
1271,0.0017911042694459672
1272,0.0037794897001573857
1273,0.0015490207859854424
1274,0.00223030465462881
1275,0.004260116964687592
1276,0.006597567853373238
1277,0.006623997649393585
1278,0.007863837061554819
1279,0.002914833804625879
1280,0.004467966968317826
1281,0.005987049394679714
1282,0.0022995253525567748
1283,0.0027791427204513037
1284,0.002528691570074597
1285,0.003134860591282774
1286,0.002617840787411479
1287,0.00193362527346735
1288,0.0016523649942481616
1290,0.0014737880262161215
1291,0.002404307210714639
1292,0.0017711309277079305
1293,0.003462951488029896
1296,0.0024335436306058182
1298,0.0022345411165037793
1299,0.002211334845246609
1301,0.0032346986919993596
1302,0.0020490775958921853
1304,0.006029680783040842
1305,0.002222186379653066
1306,0.0025685876664055334
1307,0.0043482662864073075
1308,0.003933392941010883
1309,0.003937422648821079
1310,0.0016953759117676538
1311,0.0029525494589555273
1314,0.009921042392885325
1317,0.0024170954603496817
1318,0.001864028792241851
1319,0.0020780722966583305
1320,0.0035657288493808584
1321,0.004573628940670896
1322,0.0016461346843283716
1323,0.0037043435789424033
1325,0.006239508307590505
1326,0.004778806141476537
1328,0.004292621333314458
1329,0.007300961886814514
1330,0.004542841073709788
1331,0.0016349487723559362
1332,0.003225937744392935
1333,0.002232249569566775
1334,0.0033997265956587593
1335,0.004559205121910353
1336,0.003990503099471212
1337,0.004333665379136329
1338,0.00480275777991632
1339,0.0026368275701674857
1341,0.0006383641811053251
1343,0.0034089972728224235
1344,0.00721266783969451
1345,0.008650871552099159
1347,0.0028378047232543342
1348,0.003741313908136733
1349,0.003417021290795161
1350,0.00345570850939752
1351,0.0032284105684903183
1352,0.002691662438964512
1353,0.003089972696945762
1354,0.0021634922269871486
1356,0.004236886823432033
1358,0.0015287499023336054
1359,0.0021861745103615715
1360,0.003525580708689879
1361,0.0021981266592644845
1362,0.0035972740957139504
1363,0.0030788511132991926
1364,0.002556171119553491
1365,0.003293191191450155
1368,0.0014997802621715636
1369,0.0018263044865724303
1371,0.005327852584805638
1372,0.0017119995327556676
1373,0.004037758692055863
1374,0.0024478921931968675
1375,0.0028653387787078172
1376,0.0034394926628787694
1378,0.0029881497911736373
1379,0.0050398897576394795
1380,0.00199373552685181
1381,0.0023806628379933357
1382,0.0029536735892593704
1383,0.001151690281654042
1384,0.002580168218826853
1385,0.004271009443568512
1386,0.003999250109510664
1387,0.005228509224660804
1388,0.002746212331358473
1389,0.002514956516566398
1390,0.004531581652530162
1391,0.0021023445519840383
1393,0.006368796978040715
1395,0.0020581749296183557
1396,0.00745250693373395
1397,0.0028103180178329235
1398,0.003344917076931251
1399,0.0018848195383894414
1400,0.006590674724934205
1401,0.0036060001811572657
1402,0.003402051408791666
1403,0.003492786951068993
1404,0.0012843903464597331
1405,0.003099125848994606
1406,0.0026796609773788453
1407,0.0014412689415787786
1408,0.00489604917086899
1409,0.004855491338365834
1410,0.0027221921581195925
1411,0.0023273355993648115
1412,0.006651434727762433
1414,0.0024277172191072066
1416,0.0024651807605046865
1417,0.0059811084657623624
1418,0.0042601699453170775
1419,0.0025840975381712324
1420,0.0016935164584714868
1421,0.001177371926517507
1422,0.002712775199139288
1423,0.002960679310134016
1424,0.00281471865433176
1425,0.0034546694446410224
1426,0.0013648849785888224
1427,0.0018642650380611171
1428,0.0032479177807484363
1429,0.0024732108396994124
1431,0.0028334046748667288
1433,0.004123432326149955
1434,0.0030721770720085776
1435,0.0050381360756606665
1436,0.0018273968916403596
1437,0.004599685457692977
1438,0.004801754910689373
1439,0.004867957538063307
1440,0.0015313191482230785
1441,0.0026278382590202405
1442,0.0016432884527480501
1443,0.0047375573993041304
1444,0.002967079473995987
1447,0.002726808659023123
1448,0.006083009810497334
1449,0.003100029952839668
1450,0.005517323189699963
1451,0.0036260428062922165
1452,0.004734231055237712
1453,0.0059854449041244736
1454,0.0019739356972351763
1455,0.0019361994889930526
1456,0.0017004035250090042
1457,0.0011099292364336222
1458,0.00572105707105857
1460,0.001953281221780858
1461,0.0030439288363970493
1462,0.004247343790135539
1463,0.0017534346161000181
1464,0.001634460265750176
