,pi_i
1102,0.001916385199687481
1103,0.0018975632462832866
1104,0.00670485308050854
1106,0.0012565399406318134
1108,0.0013044002796574331
1110,0.0020939873790103277
1111,0.001828897633694172
1112,0.007796394179155375
1113,0.006844811026183582
1114,0.0030098933919713547
1116,0.0073199768403331795
1117,0.0015050999185080064
1119,0.001243705698510344
1120,0.004481741423746723
1122,0.002378212148797707
1123,0.0039135112842394485
1124,0.0021098696537727524
1126,0.001359418862673834
1129,0.0037897729460434114
1130,0.00301228783815523
1131,0.0032668917952594035
1132,0.0032302066157832636
1133,0.004502796476954759
1135,0.0019103308735885305
1137,0.002182501743116266
1138,0.0028179045394518634
1139,0.0026219495156126022
1140,0.005700245341672957
1141,0.0013992312659479194
1142,0.0007115932968253151
1143,0.004788534880381744
1144,0.0012368555787465511
1145,0.003997571789351093
1147,0.001761818068850534
1148,0.001380785014427447
1149,0.002813285247300877
1150,0.004534714071590595
1151,0.002898508116931274
1152,0.0012042417944054704
1153,0.007299903999561612
1154,0.001576371838067986
1155,0.003974777161193774
1156,0.0018548424637118094
1157,0.001441458646417875
1158,0.0037818997361959436
1159,0.0024493575280063206
1160,0.003979510800935395
1161,0.0032351704979339847
1162,0.0010331600914379483
1163,0.006694437204716487
1164,0.0032902975581073418
1165,0.001163801986846743
1166,0.0018490757303412978
1168,0.0021304316550607764
1169,0.0017219783018320026
1170,0.0014146338650333778
1171,0.0018363336928592085
1172,0.0021785253392940774
1173,0.0019207949846995929
1174,0.002641381114818278
1175,0.0013646848469415543
1177,0.005170718523595899
1178,0.0028440274828307214
1179,0.0025802557386155993
1180,0.004714251627677542
1181,0.00599057268103538
1182,0.0031512553796303236
1183,0.002122105574102149
1184,0.0019181664427741036
1185,0.0038145480695281233
1186,0.0017468146489058294
1187,0.0029638815433116147
1190,0.002095428205817399
1191,0.005067034627086917
1192,0.0021751272368985917
1193,0.0028021476754154107
1194,0.001342566065017686
1196,0.006102978161634079
1197,0.0008969191473497836
1198,0.0020074063120494937
1199,0.004390506808155523
1200,0.001672577333221855
1201,0.00288290146504951
1202,0.0018835673558767975
1203,0.0047875566561944695
1204,0.001309082171849787
1206,0.0015394985728743493
1207,0.005044630549450585
1208,0.005495338682481334
1209,0.0017316380226724045
1210,0.005656365018248082
1211,0.004560037691325627
1212,0.001269099010291399
1216,0.0023383425747537565
1217,0.001501175220338949
1218,0.003899356576368756
1220,0.002089246174103691
1221,0.0021605939893696103
1222,0.002233132671672313
1224,0.001399870057880943
1225,0.0025693989342968518
1226,0.003103867963660566
1227,0.0033021017566586077
1228,0.005239571440034311
1229,0.003679685495330643
1231,0.006062197019527236
1232,0.001976406058957016
1233,0.002294264181118716
1234,0.006014434741076001
1235,0.006525599253868289
1238,0.0023972014854789243
1239,0.003260004294756645
1241,0.003149131922611415
1242,0.008332199580681791
1243,0.0031725014511652105
1245,0.002205729885916453
1246,0.01043838464317127
1247,0.00308747203234837
1248,0.0007639472499556466
1249,0.0016860100100044495
1250,0.0015652725335306014
1251,0.0020581413470609038
1253,0.003890821746465525
1254,0.0014499990537005893
1256,0.00255006120842154
1257,0.005752997767547708
1258,0.0027682254958999453
1259,0.0019204441241728837
1260,0.0016073567724495526
1261,0.0034533440099670538
1263,0.002195537212847575
1264,0.00493869676439096
1265,0.002658544068471524
1266,0.0044857078943178275
1267,0.0026003102857144068
1268,0.00779755765344824
1269,0.009720989126510766
1270,0.0020145803150798743
1271,0.00138753643068677
1272,0.00566752089060355
1273,0.0024108935553110783
1274,0.0029907856052797674
1275,0.004970634980782035
1276,0.00500641698136028
1277,0.0062317665902992475
1278,0.006026059750720157
1279,0.0030312743105806355
1280,0.006685621381898016
1281,0.004794241629901799
1282,0.0017809143492038934
1283,0.0033775118504438687
1284,0.0025474810111737753
1285,0.00422182154368241
1286,0.004938841477368328
1287,0.0022651014012389954
1288,0.0010882744644792966
1290,0.0019339845020344567
1291,0.0024609422634742383
1292,0.0013522823926548876
1293,0.002778908654008584
1296,0.0030354758938675092
1298,0.002722968273824592
1299,0.0016807936700260202
1301,0.004422959674015357
1302,0.0011997037977937856
1304,0.004952872300749665
1305,0.004131335358504819
1306,0.0030713694906433333
1307,0.003678804083868162
1308,0.005153474718262348
1309,0.0034595734201888985
1310,0.001620146103102817
1311,0.003987122733431425
1314,0.008309420687656622
1317,0.0019294503541212003
1318,0.0032649666737585323
1319,0.002015651616232529
1320,0.0020703521576976537
1321,0.00141444958760697
1322,0.0017319968809798973
1323,0.0030328417507609726
1325,0.0059039978954414105
1326,0.0025436117215782714
1328,0.0067900715740101805
1329,0.008675444921866567
1330,0.004167712969296759
1331,0.0015037732885286729
1332,0.005429805866350175
1333,0.0039094400756121556
1334,0.0034634428135785675
1335,0.004722296913142896
1336,0.004885956461830882
1337,0.0021451265812920824
1338,0.0037203279733244343
1339,0.003446203033296783
1341,0.0006743544723034774
1343,0.0029467593647385273
1344,0.004042282022606338
1345,0.006436674015375719
1347,0.001664871323800983
1348,0.0031408353805989957
1349,0.0030596682553884163
1350,0.002243467770499654
1351,0.0031982135911148213
1352,0.001288970650198631
1353,0.003915605364609142
1354,0.001534280465632667
1356,0.0047516583009946595
1358,0.0014100526977582424
1359,0.002150420975540691
1360,0.0026195038139083062
1361,0.002385241096659127
1362,0.002395444240992205
1363,0.002049727379783859
1364,0.003162667217287015
1365,0.004756775244625124
1368,0.001926399373820236
1369,0.0017371645484946221
1371,0.004285054301238364
1372,0.002186859952776768
1373,0.0021468881309159664
1374,0.001948472821222088
1375,0.0019275007767628868
1376,0.0028651612740508217
1378,0.0040256712177067465
1379,0.004599323813150588
1380,0.0016018654895739145
1381,0.0028679230492706484
1382,0.005005035303699963
1383,0.0012802488152672707
1384,0.002053120794309354
1385,0.003979713667273106
1386,0.004677913603830349
1387,0.006561835465386768
1388,0.0038128393526790836
1389,0.00325663826919054
1390,0.005529234337997537
1391,0.0025907789654728347
1393,0.0054859181730204775
1395,0.003018797357802522
1396,0.005615046879006538
1397,0.003346949436391855
1398,0.0024480461771073194
1399,0.0016067380149232264
1400,0.006060225573856106
1401,0.0028387925925173344
1402,0.0014735844113331212
1403,0.005306794360937062
1404,0.0012419793194274442
1405,0.003182165391895123
1406,0.002117732104621842
1407,0.0018124493122698947
1408,0.005026694999517215
1409,0.00562179289974407
1410,0.002987920279706027
1411,0.003624115530803017
1412,0.003649570027270154
1414,0.003082093963061849
1416,0.001878604853500757
1417,0.008873434650753907
1418,0.0021717342223000567
1419,0.002990657241937413
1420,0.0020593744062306924
1421,0.0018920809624968372
1422,0.004118784607120085
1423,0.0029352473388710425
1424,0.00332395173658599
1425,0.0036193727384448665
1426,0.001684542496133968
1427,0.0022758741576473485
1428,0.006547707283454053
1429,0.00444478903767054
1431,0.003664633870277106
1433,0.0035381797820979734
1434,0.0028437581358664444
1435,0.004792607532296008
1436,0.002452612263950596
1437,0.006944895733751736
1438,0.007370187041165488
1439,0.005934643752204951
1440,0.0013300152905969264
1441,0.0018186456883646
1442,0.0025929223710670804
1443,0.005167516156386509
1444,0.003204164652028845
1447,0.001752923820199763
1448,0.007411210801465669
1449,0.0038568477741204436
1450,0.005116244839482097
1451,0.004132401488846764
1452,0.0031469992368862846
1453,0.004171342123657409
1454,0.0012898358435169477
1455,0.0027031535105879008
1456,0.002129071010813879
1457,0.0014414059849373671
1458,0.003963990825870696
1460,0.0023983823235086705
1461,0.003624981348167723
1462,0.004816945088506162
1463,0.0014124365723385247
1464,0.002179072728895512
