,pi_i
1102,0.0017066365400520934
1103,0.0016047160874186697
1104,0.0035698783575583122
1106,0.0009561299505134584
1108,0.0012234523857623388
1110,0.0024881427036430753
1111,0.0013897515610499871
1112,0.006722477005283067
1113,0.0027107625946696263
1114,0.0038798389345187294
1116,0.0044006051041554665
1117,0.002035480802916481
1119,0.0011305448035367918
1120,0.004021329110470102
1122,0.0032186218917666927
1123,0.0034403753650166504
1124,0.002255014005551772
1126,0.001303122767122692
1129,0.0025080997711958513
1130,0.006215210808499512
1131,0.003669093417643313
1132,0.0032265418041374978
1133,0.0050181861834957065
1135,0.00194543797826315
1137,0.0025370174174969263
1138,0.001924689630028263
1139,0.0034544049864616002
1140,0.003945178590082665
1141,0.0022459873923062175
1142,0.0019601437586931236
1143,0.00498514159785443
1144,0.0022625298929964286
1145,0.00392239404045781
1147,0.0017404411572704685
1148,0.0017642361852651237
1149,0.002174757108030972
1150,0.004500102695059124
1151,0.0023706762121586426
1152,0.0008190430370828825
1153,0.008676815642469487
1154,0.0011162087160016055
1155,0.005162163376014688
1156,0.0015019846218205964
1157,0.0011451371369947784
1158,0.0033993064082291904
1159,0.002904565722107238
1160,0.0027196631282121763
1161,0.003866931112588013
1162,0.001528957236743254
1163,0.012100795735147206
1164,0.0026260486061264066
1165,0.0018002052012298488
1166,0.003094289294068358
1168,0.0017761989784039545
1169,0.0012956157534139074
1170,0.0013152346841945157
1171,0.001946841545495154
1172,0.004597706220194258
1173,0.0030684093538182132
1174,0.0031495977786380235
1175,0.0010956249171871209
1177,0.003947012602554165
1178,0.003677607313890037
1179,0.002634628042185322
1180,0.006258984215543018
1181,0.006714358430846916
1182,0.0031203455766511817
1183,0.001737573583091469
1184,0.0019896035646494795
1185,0.005350060086853765
1186,0.0012810084833744383
1187,0.0025506426665696073
1190,0.0014549137732443804
1191,0.0031714749247701303
1192,0.0016587887387143803
1193,0.0033423219724576353
1194,0.002055742527764232
1196,0.003648883753555749
1197,0.0008629052926010319
1198,0.0014770566290376423
1199,0.004470684899697834
1200,0.001916097505886785
1201,0.0040107678560320865
1202,0.0016215471042647462
1203,0.004955284428907437
1204,0.0010580269056565616
1206,0.002131798569094448
1207,0.00937629614092264
1208,0.006725687007605585
1209,0.001782666713134333
1210,0.00782000996516228
1211,0.003955746634479615
1212,0.0018064230450501168
1214,0.001805759941830369
1216,0.0019425681663533061
1217,0.002810328957092023
1218,0.003209728657616272
1220,0.0016081055725539238
1221,0.002318682987045564
1222,0.003057301815640942
1224,0.0014501284095152238
1225,0.002468014919098174
1226,0.0017647435613776694
1227,0.002494790789436478
1228,0.006123634521109785
1229,0.003960962405990624
1231,0.006758135939182224
1232,0.002061958629532766
1233,0.0036945651755159927
1234,0.007880724561606128
1235,0.004953038502280216
1238,0.0023886312664210476
1239,0.003015711522371264
1240,0.0017433709872459067
1241,0.0024483758656125244
1242,0.007847902569160849
1243,0.004104906932916472
1245,0.0028797415278004473
1246,0.01223625504554468
1247,0.0030687968626753473
1248,0.0017527743953917613
1249,0.002267722091878783
1250,0.00138876950859831
1251,0.0025430630352013925
1253,0.0033829293824869998
1254,0.0014063291884637535
1256,0.0023671604246985915
1257,0.006336116871386312
1258,0.0027936058692065043
1259,0.0026937838644806446
1260,0.0022746586494617397
1261,0.0028717402661196235
1263,0.002858827622099912
1264,0.00432698135328747
1265,0.0033111122970838954
1266,0.006224206987239803
1267,0.0031875908717850926
1268,0.005935379365568839
1269,0.00987004575342916
1270,0.002565598617190849
1271,0.001306564764152857
1272,0.006063368021655474
1273,0.0018617685687602507
1274,0.004009282874576442
1275,0.004883580687346245
1276,0.00641742693946936
1277,0.004219664568219424
1278,0.004618181187460518
1279,0.003340556707335079
1280,0.005848717037526607
1281,0.004249343224806097
1282,0.002020191336559435
1283,0.0035497003733925485
1284,0.0034954881581301203
1285,0.00311936294816588
1286,0.004267456190953922
1287,0.0012767734824888496
1288,0.0014798229320661695
1290,0.0025344985650533128
1291,0.003976248310628753
1292,0.0024070241737442393
1293,0.003304210917663645
1296,0.004080442551668546
1298,0.0017489346329921465
1299,0.0010779478790991822
1301,0.005765203201129203
1302,0.0018332884478808329
1304,0.004454245393117823
1305,0.0030111267548263813
1306,0.0018443196070167766
1307,0.004745038401830398
1308,0.0021632719420890323
1309,0.004232094673530621
1310,0.0024330582189640627
1311,0.00143655376714376
1314,0.007193858114759484
1317,0.0025232747907557823
1318,0.0016481749131116534
1319,0.0014787439483436365
1320,0.003194087284689258
1321,0.002324803354374786
1322,0.0015011446917337437
1323,0.003634308453174179
1325,0.003892862527342506
1326,0.003109636727694771
1328,0.005291612362345191
1329,0.004449727583835101
1330,0.003181264042696641
1331,0.002771023840197242
1332,0.003661436089123214
1333,0.0023310213984278523
1334,0.0031812711766114905
1335,0.0032155291842262757
1336,0.006680108932427942
1337,0.0022876007448813847
1338,0.004190661288918073
1339,0.003279842115553722
1341,0.0006530253207939557
1343,0.003651047049918914
1344,0.005606418219009167
1345,0.007523078397547103
1347,0.0021255371893505537
1348,0.005346903781752164
1349,0.003041383676334385
1350,0.0023720103998077407
1351,0.003637866477242227
1352,0.0015289446110250543
1353,0.0034647022419958557
1354,0.0027768784688739405
1356,0.0026003010756543397
1358,0.002002419795261895
1359,0.0021473439051377242
1360,0.0025170701542217688
1361,0.0031699478701856403
1362,0.0025882488284201676
1363,0.0024699048782035626
1364,0.002392817216659281
1365,0.004186767934572442
1368,0.0019652206385110936
1369,0.0017008954427016165
1371,0.003911302392191066
1372,0.0022082657363603217
1373,0.001792845504474969
1374,0.002394927138127983
1375,0.0024171484613897845
1376,0.004101716265651315
1378,0.003556231607084454
1379,0.0031587576685749197
1380,0.0022374916345593685
1381,0.0022444350912913134
1382,0.003156527447955375
1383,0.0016565033928877023
1384,0.0019598506212426684
1385,0.003933006099928936
1386,0.004228287486899131
1387,0.003826994126682634
1388,0.002720382353409217
1389,0.0034054812118594307
1390,0.005545655360146324
1391,0.0015533512561229242
1393,0.007580932068666061
1395,0.002742099233199715
1396,0.005272984804347685
1397,0.003997505223213386
1398,0.002402097463845086
1399,0.0022692905110604893
1400,0.005153449901410869
1401,0.002716505372919958
1402,0.001654428032871333
1403,0.00624794225708614
1404,0.0019473765660383785
1405,0.0035307913863223896
1406,0.0033366833073746878
1407,0.001285611204793411
1408,0.004743665190017728
1409,0.005166228396260427
1410,0.002325786552373835
1411,0.0013886823308526578
1412,0.0035183510028580253
1414,0.002981036109367304
1416,0.0018369413174930311
1417,0.006258033077573758
1418,0.002993332765970227
1419,0.0028433246043551054
1420,0.0015089618461388158
1421,0.0019546790650048886
1422,0.003177819556904335
1423,0.0030843632796763885
1424,0.002283922850925595
1425,0.0032856520245840427
1426,0.0017325678703232442
1427,0.002274442274229355
1428,0.006853415589493846
1429,0.0031214169126150366
1431,0.0028900391208426532
1433,0.004772683219685706
1434,0.003053428597696179
1435,0.003905835913094919
1436,0.001999871387590091
1437,0.008301258762157206
1438,0.004692656832829041
1439,0.004749416437169472
1440,0.0023693965039697576
1441,0.0023948086814355872
1442,0.0019137921203860593
1443,0.0031590113670144975
1444,0.003361517374565567
1447,0.002190289658076646
1448,0.006854555867958472
1449,0.004201766933279902
1450,0.0046066751475883315
1451,0.003883868602707572
1452,0.004600938295281039
1453,0.004948954059380888
1454,0.002322599930708886
1455,0.002534707974925137
1456,0.0021766120175910407
1457,0.0012047368921500618
1458,0.004367989324637488
1459,0.0009166475085406121
1460,0.0027585742157531347
1461,0.002840594104659597
1462,0.0035887149048635407
1463,0.0014890948982217368
1464,0.0017492916919651712
