,pi_i
1102,0.0017435261894761355
1103,0.002634735941367587
1104,0.004393780101188305
1106,0.0011945785091109571
1108,0.0013835547493460498
1110,0.0023857068499138646
1111,0.0023627736984784134
1112,0.007129309363307153
1113,0.0027854111805108404
1114,0.0026244004384201737
1116,0.004833991122170837
1117,0.002102067407241953
1119,0.0012526422620058127
1120,0.003513087475513798
1122,0.0025541497055910833
1123,0.003437272393333388
1124,0.003476199808535429
1126,0.001989244542189661
1129,0.0032304321960696567
1130,0.005023265013747197
1131,0.004500142049316702
1132,0.005169119005850382
1133,0.004459004776419918
1135,0.0017231686558882534
1137,0.002972378342824217
1138,0.0025803947255486903
1139,0.0049897706372395425
1140,0.0012673095132025437
1141,0.001799337029257659
1142,0.002820779150794726
1143,0.006500950082096101
1144,0.0015305434157136682
1145,0.0037075826121667106
1147,0.0011840069966465709
1148,0.0018613768109010894
1149,0.0026161723495308374
1150,0.004893878440510454
1151,0.003209133216014108
1152,0.0012760337560649598
1153,0.008338729133865559
1154,0.001675524095652912
1155,0.007427294737919353
1156,0.0022679164161901054
1157,0.0015750473607953808
1158,0.004001906938950926
1159,0.002269761581777425
1160,0.004660750216967491
1161,0.003203988097201776
1162,0.0015293556861672433
1163,0.004485964186072233
1164,0.003222525616996841
1165,0.0020038574506763955
1166,0.003930059968924159
1168,0.002414758238262673
1169,0.002528411278061737
1170,0.0009080836514272526
1171,0.003056431636973913
1172,0.002645948251940859
1173,0.003237984289501786
1174,0.0035453275210746856
1175,0.001410742901629417
1177,0.0019118182210739725
1178,0.0036458826989309587
1179,0.0021722147595001173
1180,0.004787814024776614
1181,0.009497236780525468
1182,0.003072155397857234
1183,0.0016003883849017339
1184,0.0013199889563986493
1185,0.004089110787696555
1186,0.0013817071293250587
1187,0.003302583188433228
1190,0.001133157644360889
1191,0.003595404682809584
1192,0.0023177048576527486
1193,0.002604345129436365
1194,0.002128189866564387
1196,0.003601671123083932
1197,0.0014293366562246374
1198,0.002846807037591902
1199,0.00593226676999757
1200,0.002199420182136003
1201,0.004475121020167383
1202,0.0015301197433793413
1203,0.004876949867951593
1204,0.0011246572695432597
1206,0.0021693431275128803
1207,0.004781609409496869
1208,0.0059887930384938505
1209,0.00139020035998797
1210,0.004308328450514865
1211,0.0027129412255840583
1212,0.0014046976138517647
1214,0.0015767055614927018
1216,0.003259288157278487
1217,0.0027191053897154737
1218,0.0036890536318099436
1220,0.002631395399701334
1221,0.0016278902781355312
1222,0.0025898009797261264
1224,0.0013683939144025301
1225,0.0019901111266347232
1226,0.0019014070292661612
1227,0.003094432728071544
1228,0.006613991846149039
1229,0.0053448175320743255
1231,0.006380656951503107
1232,0.002596455144941134
1233,0.004081068001527319
1234,0.006080693455930524
1235,0.005201332677677443
1238,0.0018445909923479296
1239,0.001621741550420886
1240,0.0013538578193671193
1241,0.0029219938026800946
1242,0.012517577313097113
1243,0.002931292570815217
1245,0.0023318495417025604
1246,0.013685624448701002
1247,0.0030749005067751936
1248,0.0014586743795965533
1249,0.002472769253998018
1250,0.0009888982659547315
1251,0.0029332560635312614
1253,0.0027037339417311118
1254,0.0041684893491706135
1256,0.0031341147187372784
1257,0.0053349272305978045
1258,0.0020235096469759383
1259,0.0028356084837081108
1260,0.002245444446159264
1261,0.003305439579398601
1263,0.0024129381360988027
1264,0.0022707281157442003
1265,0.0015488834445340006
1266,0.0057356060854683935
1267,0.002921046976199276
1268,0.007574021296310751
1269,0.005603997874008179
1270,0.0025439854813774716
1271,0.001678039432785688
1272,0.0043999382302894454
1273,0.0007424802698100238
1274,0.004102211316186921
1275,0.005088618641821437
1276,0.006689411521209713
1277,0.004465299193892704
1278,0.008567604359784589
1279,0.00483843144133635
1280,0.003061954745678759
1281,0.00495458892045646
1282,0.0016832599850954866
1283,0.00478032380976379
1284,0.003452310373697333
1285,0.002763643860184921
1286,0.002155478209408583
1287,0.0013841654223627413
1288,0.0016787933027272866
1290,0.001973343957923374
1291,0.002580164513274419
1292,0.0025624089139191964
1293,0.0023611021206360818
1296,0.0023394891906806737
1298,0.0025643702407407167
1299,0.002034522580479409
1301,0.005700937686562372
1302,0.002392144090087589
1304,0.004865645427217168
1305,0.003301164417487613
1306,0.0018058051114643939
1307,0.005717795361754007
1308,0.0038170473942660916
1309,0.004063942277126473
1310,0.0022272339980876775
1311,0.0016045483415080986
1314,0.009191989263110571
1317,0.0018499315704749275
1318,0.0018888023564236592
1319,0.0028590286813852685
1320,0.003951096598771399
1321,0.0027364437989344814
1322,0.0019374084476993726
1323,0.003898374305759701
1325,0.00352382258226957
1326,0.004031821478426964
1328,0.005667606238024872
1329,0.004137266059102205
1330,0.004229532414466447
1331,0.004086300985209941
1332,0.004800275387969913
1333,0.0026912503362775046
1334,0.004827731285839094
1335,0.0025305569654751644
1336,0.00301191886027077
1337,0.0021494835128244563
1338,0.004438825203819639
1339,0.00200538220568988
1341,0.0010038618906098213
1343,0.004483683278524779
1344,0.005659544167158064
1345,0.004852197636727733
1347,0.0021215156364834233
1348,0.006643499394750393
1349,0.002920100263378252
1350,0.003143651087763553
1351,0.0025470827161803307
1352,0.0016157009665520728
1353,0.002947661770233834
1354,0.0019712082332618724
1356,0.003533320713004411
1358,0.0015132286921708032
1359,0.0018378289052843962
1360,0.003375819382464444
1361,0.002290331933725512
1362,0.0028206406478425883
1363,0.0025163118455449954
1364,0.002121603294483918
1365,0.0037336079570304357
1368,0.0012919804019891528
1369,0.0019478559625776292
1371,0.002874059385617087
1372,0.0015137193810034145
1373,0.0021141470206591903
1374,0.0031181297886286
1375,0.00385483828363676
1376,0.0067077691958883166
1378,0.002247378773152066
1379,0.003012360009189417
1380,0.0010674647806012821
1381,0.001752814659968057
1382,0.003802645931860033
1383,0.0018717106035705325
1384,0.0023476053429160016
1385,0.003747465936285775
1386,0.005537171623337945
1387,0.002662825619270516
1388,0.0036446858541986987
1389,0.0024086778412014224
1390,0.006241445131733018
1391,0.0013804898377981678
1393,0.005324313527530064
1395,0.005271917736182024
1396,0.006185465740038254
1397,0.0027842459134581445
1398,0.001928908912430626
1399,0.00199131251995707
1400,0.004922469757227396
1401,0.0029868374323803633
1402,0.0022782241536506613
1403,0.005187490286936597
1404,0.0016866571365882594
1405,0.0029552318112465114
1406,0.0023770462515364946
1407,0.0020474079990713354
1408,0.00443069620952988
1409,0.006648773900875719
1410,0.0013407305941075121
1411,0.0015855510232150429
1412,0.0037445343445079637
1414,0.001043367994853959
1416,0.0011151186679448767
1417,0.005810443285650097
1418,0.0024226580836173117
1419,0.0021854561978010187
1420,0.0013924324692459412
1421,0.002729555723621096
1422,0.0021986544621847917
1423,0.0028902734310111595
1424,0.004042293418700157
1425,0.0047858295189316495
1426,0.00142716713669092
1427,0.0014184419425195618
1428,0.00660291085447718
1429,0.003122377678553529
1431,0.0025968516382689614
1433,0.0031889784479669993
1434,0.003926158506056033
1435,0.004858969029217702
1436,0.002125156566776645
1437,0.006601123730500588
1438,0.006329261474601305
1439,0.004050252004526875
1440,0.0017253867484109582
1441,0.001734132000754289
1442,0.0029054250751167567
1443,0.0024546772652652396
1444,0.0030681492117081814
1447,0.0018963838629375924
1448,0.008460118456141938
1449,0.004054452532207522
1450,0.003949898458355878
1451,0.002189182975933788
1452,0.00524329227182449
1453,0.0029986547175982863
1454,0.0019022111066959349
1455,0.0037386056699268734
1456,0.0026090635220259693
1457,0.0013492181731675562
1458,0.0052486170782356165
1459,0.0014151269745910583
1460,0.0020116962395509987
1461,0.00306716702924885
1462,0.006241167279326806
1463,0.0017110498605666959
1464,0.0018124207024865441
