,pi_i
1102,0.0016582638129942547
1103,0.0039154387677265805
1104,0.0044308966238830955
1106,0.0014058487475673695
1108,0.0016950459806413284
1110,0.002450708327672311
1111,0.002572426259482004
1112,0.010120018437513336
1113,0.0042562327583614504
1114,0.002180034694009982
1116,0.006221304844553877
1117,0.0034857819290077395
1119,0.0011207586199823458
1120,0.0039356335196419805
1122,0.0027335954114987636
1123,0.0044819628742092145
1124,0.0030649632464133185
1126,0.0008636693158083322
1129,0.0034155199651839823
1130,0.0036027492451812795
1131,0.0037246112897985142
1132,0.002571045043216109
1133,0.003841500198944392
1135,0.0012733690577534642
1137,0.0023029630962858884
1138,0.002320367120904345
1139,0.004246280508733763
1140,0.0028507621524130233
1141,0.0016947425211217837
1142,0.0018903079366213511
1143,0.003918541402564462
1144,0.0012038335396068823
1145,0.0025833097214010025
1147,0.0020055403905333783
1148,0.0012788561467642014
1149,0.0012189300270716067
1150,0.005374502816320826
1151,0.0018038380610359017
1152,0.0009226360974578139
1153,0.006759150453156667
1154,0.001923882051850156
1155,0.007726223042981109
1156,0.002647937325475702
1157,0.001164524820446511
1158,0.0037540551553836357
1159,0.0022350143055210607
1160,0.002619608550813113
1161,0.003456974150409372
1162,0.0015839787481079122
1163,0.008883543701770488
1164,0.003477065273115388
1165,0.001683102869843108
1166,0.003928980893915292
1168,0.002440538570603306
1169,0.002523574206027286
1170,0.0008412517124950672
1171,0.0014586646328934743
1172,0.002895682740152009
1173,0.0047288999117189355
1174,0.0030966367385346165
1175,0.0010533158504700743
1177,0.0025113336545783595
1178,0.005511825684341559
1179,0.0014129393309354021
1180,0.002863028003480419
1181,0.012423785876740215
1182,0.0031119224778846525
1183,0.002698129039179832
1184,0.0019667712776305964
1185,0.004749216416031817
1186,0.00198905839608769
1187,0.0025379213218973224
1190,0.0017479092287085544
1191,0.00332731220653157
1192,0.003930064766897936
1193,0.0026467775119303045
1194,0.0011626727219689419
1196,0.004421311150999983
1197,0.0016021359317027093
1198,0.0036405815614536023
1199,0.005825387671225712
1200,0.0025382479839989474
1201,0.0039919693628479155
1202,0.0015332644660745042
1203,0.005590520227400091
1204,0.0015168334218949497
1206,0.002238945295844169
1207,0.003749475217213534
1208,0.005220078638209054
1209,0.0023042515707019213
1210,0.005762949093048189
1211,0.005600610728259501
1212,0.0015655274928964133
1214,0.0017018917156240707
1216,0.0025927173018882887
1217,0.0019421780814647674
1218,0.00411794649984558
1220,0.003213438312268834
1221,0.0014849645343290908
1222,0.0019616035889328787
1224,0.0012956551504695263
1225,0.0029681913156617713
1226,0.00102327719177305
1227,0.004823400148286031
1228,0.0064174321450476135
1229,0.005069208122763578
1231,0.005752425252597123
1232,0.003498080083146929
1233,0.005534283051963807
1234,0.006328337596870935
1235,0.002758257474033745
1238,0.0020962864358057554
1239,0.0020201037326004596
1240,0.001275648646244166
1241,0.002420123745626841
1242,0.010268367530428113
1243,0.004314382394578791
1245,0.0026438355562237296
1246,0.009722440562342512
1247,0.002577204044592275
1248,0.002635414402720011
1249,0.002741300590897826
1250,0.0014777657496581485
1251,0.001451914409685251
1253,0.002022291757569261
1254,0.0035886951200859636
1256,0.0025503884085533203
1257,0.004653109607907551
1258,0.002060848747418192
1259,0.0027967574284938025
1260,0.0023867526274722285
1261,0.0026871720907731284
1263,0.001636951477150112
1264,0.002692759206688631
1265,0.0023349502668571333
1266,0.004224590459021257
1267,0.00266380530291844
1268,0.006954288799438259
1269,0.006099700132031892
1270,0.001285532393877285
1271,0.0015717165922344931
1272,0.0038474163968417697
1273,0.001092966795971023
1274,0.004535994275287912
1275,0.0039037874868297347
1276,0.007706115570871163
1277,0.006406869411029641
1278,0.0047153704185717285
1279,0.006210563887456353
1280,0.0042819643934742194
1281,0.004233420867100816
1282,0.0016275153847705578
1283,0.004772449792029194
1284,0.0013987459838753428
1285,0.002122787233783605
1286,0.0030657694887396545
1287,0.001595722901816523
1288,0.0018051481119692578
1290,0.0013507573730529852
1291,0.002608950286432437
1292,0.002986230457178284
1293,0.005092138279502209
1296,0.0024869530756462463
1298,0.0026255450526626394
1299,0.0013029446435426273
1301,0.004996476977151624
1302,0.00099637426650934
1304,0.004412763679418292
1305,0.0029016245321329785
1306,0.0019451049217779387
1307,0.005977527456440955
1308,0.003373159498769757
1309,0.002700951767167202
1310,0.00316089796721579
1311,0.0026514670152964245
1313,0.0015341035330795603
1314,0.012922826518032124
1317,0.00178377067077447
1318,0.0025945892641243604
1319,0.0032566136240792303
1320,0.002670667639630123
1321,0.0026943687679164136
1322,0.0018860303900746622
1323,0.0033923797991227515
1325,0.0017799593736335904
1326,0.0030103262941223088
1328,0.004530072701226909
1329,0.004754646514389432
1330,0.0026971663612454146
1331,0.0032613111479374126
1332,0.00328990216380641
1333,0.003217492741365865
1334,0.005116654419029317
1335,0.0030717543342910444
1336,0.004083252532977519
1337,0.003865188765723355
1338,0.002940400149470532
1339,0.0021529676973719063
1341,0.0014599625194438742
1343,0.00545941293486371
1344,0.004038706438950029
1345,0.008496670140015818
1347,0.002337398921886043
1348,0.005540788206961016
1349,0.002304331158859663
1350,0.00428469554364375
1351,0.003443789365621628
1352,0.001708183567780321
1353,0.004276720138684989
1354,0.002819128292764054
1356,0.0034620857109719785
1358,0.0017804647294667256
1359,0.0017756039323749957
1360,0.0027869440551887316
1361,0.0024502170770254886
1362,0.004345488327405975
1363,0.0013737376843579912
1364,0.0017514336121021777
1365,0.0038867301858505204
1368,0.0012412129660421298
1369,0.002318134756583561
1371,0.0035996791305016548
1372,0.0014398600731037113
1373,0.003317123055327065
1374,0.003248938127638834
1375,0.004188758884261255
1376,0.0054393871319898075
1378,0.0032052815609684543
1379,0.004858370733961314
1380,0.0020762902746971094
1381,0.0014897388733267041
1382,0.004093388742035232
1383,0.0024008134574122725
1384,0.0022894967714212704
1385,0.004944341426285811
1386,0.003329254600710658
1387,0.0048927404332159904
1388,0.00268261879150074
1389,0.00224320809619707
1390,0.00657234533233053
1391,0.0015806742872570738
1393,0.0054118665292632664
1395,0.007534973994556887
1396,0.00568257265897495
1397,0.004875042600269755
1398,0.0022765248241960663
1399,0.001456941218406403
1400,0.0036309775446473533
1401,0.002339600376572835
1402,0.0024707650111229205
1403,0.0032270419106143486
1404,0.001461678243822157
1405,0.0038831008046691265
1406,0.002555804572817505
1407,0.0009725203980265459
1408,0.0023942594514397473
1409,0.003931413373859671
1410,0.0011985643824077206
1411,0.002252645809347194
1412,0.003960428479259631
1414,0.001750081017971781
1416,0.002389077601876889
1417,0.005000309930328315
1418,0.002987909306388136
1419,0.0022824551301055805
1420,0.0019363736614785778
1421,0.0026614207006416418
1422,0.0015143357343953313
1423,0.003656040667240224
1424,0.004084407162553597
1425,0.0029951807528941173
1426,0.0018494814157724267
1427,0.002206334250771661
1428,0.005831020730520544
1429,0.0044787483493201954
1431,0.002377577718790474
1433,0.0024161008416242725
1434,0.0031564566498306166
1435,0.005224421753021028
1436,0.0027914692896282554
1437,0.0038382566553112458
1438,0.004067124513645082
1439,0.003238979312834564
1440,0.0016056309484691388
1441,0.0016878203545445285
1442,0.0020007996176728696
1443,0.0024780421904400532
1444,0.005182275732326668
1447,0.001901424173034663
1448,0.00433836409480165
1449,0.003962889254676907
1450,0.003203702184262018
1451,0.002514229681278821
1452,0.005685578649570433
1453,0.0034567017198919277
1454,0.0018937921426982033
1455,0.003349180511731655
1456,0.003470807034877099
1457,0.0010406112511820542
1458,0.0041498211805514156
1459,0.0013425042869051273
1460,0.0025281005581330534
1461,0.003449441238747627
1462,0.007505349532827681
1463,0.0018167497858786923
1464,0.0030022877085259625
