,pi_i
1102,0.0019008627927492821
1103,0.0036443539498393317
1104,0.004121023088629137
1106,0.0012894582641857404
1108,0.0028071868351171566
1110,0.0018765422152155333
1111,0.0028445350185447977
1112,0.0056868675904153615
1113,0.004156110104950273
1114,0.0020089853092335455
1115,0.0007560223814775126
1116,0.005993677757990645
1117,0.003766616107292653
1119,0.0010543666199680376
1120,0.010140357426161699
1122,0.002077639714072615
1123,0.0031031234010148413
1124,0.0020978401359467574
1126,0.0017192475353613556
1129,0.0035567975932993454
1130,0.0025040169282950645
1131,0.0019313167977093035
1132,0.0040380503683383326
1133,0.00377636373845191
1135,0.0011972836105206212
1137,0.002464360592895006
1138,0.0015414228651044494
1139,0.00360085178225284
1140,0.0030368992863677204
1141,0.0025060187928174693
1142,0.0017494825972566783
1143,0.004651586456147004
1144,0.001414680839453112
1145,0.002304344266185872
1147,0.0020280359039987783
1148,0.002547974194169991
1149,0.0012317720679469587
1150,0.005639132555178689
1151,0.0024477690223053345
1152,0.001023977809398812
1153,0.008287004010965089
1154,0.0011060155374323297
1155,0.004943554540523557
1156,0.0023972568622885374
1157,0.0008845279828217761
1158,0.004311777749139752
1159,0.0022144901519929668
1160,0.0037915380228940193
1161,0.003937217754211222
1162,0.0014146217957263644
1163,0.009963326003316557
1164,0.0026556788425240673
1165,0.001816345362222011
1166,0.005150958377917259
1168,0.0018584632928723723
1169,0.003096628528807878
1170,0.0011165571253277235
1171,0.0017583161190255151
1172,0.0026358755669384252
1173,0.0035332648268253464
1174,0.004083926529066025
1175,0.0012564189845239492
1176,0.0019048716166393247
1177,0.004423810551917204
1178,0.004938049963320433
1179,0.0023082485259386457
1180,0.003284980267748451
1181,0.017441186137748515
1182,0.0018565562971277999
1183,0.00236606368445586
1184,0.0011735912319168146
1185,0.0020611777879628577
1186,0.0019637213251020905
1187,0.002451811946839517
1190,0.0020348082298677697
1191,0.004163516826480471
1192,0.002165851072690367
1193,0.002536689199719992
1194,0.0014869064205950985
1196,0.005605886984932959
1197,0.001737045124323744
1198,0.0033697167261409065
1199,0.004090727313203437
1200,0.0026105362246069625
1201,0.00422404823211596
1202,0.0018826164880199213
1203,0.004699738511261513
1204,0.0015463195400755325
1206,0.003991620273187538
1207,0.004377195599568638
1208,0.004436889880463601
1209,0.002755466648722797
1210,0.003472058968668308
1211,0.006289110710157733
1212,0.0011529665473189953
1214,0.0016356572585404477
1216,0.0016321443103651336
1217,0.0020723091348558913
1218,0.0017827983443782548
1220,0.0036443780284353103
1221,0.0012890588211620889
1222,0.0023693232306007186
1224,0.0009228418204824425
1225,0.002685154284678899
1226,0.0015589452183470084
1227,0.0021466247304696103
1228,0.004872860893986483
1229,0.003859813519903696
1231,0.006350700532229286
1232,0.004087447268584596
1233,0.003050873141902334
1234,0.005105261761838545
1235,0.003448154404406067
1237,0.0016090472934336656
1238,0.0018352792974731175
1239,0.0017185471298360963
1240,0.0013160004795865845
1241,0.0031368262240462435
1242,0.006127457690202453
1243,0.004807681644211424
1245,0.004541257267786848
1246,0.009971397893343848
1247,0.002825177252447194
1248,0.0029573206180079016
1249,0.0024156492968592813
1250,0.0011633227674714823
1251,0.0007496763747978245
1253,0.0021679213872059203
1254,0.0018429072571205945
1256,0.0035666999234038226
1257,0.006035010565192338
1258,0.002011336494481586
1259,0.0026321228126435737
1260,0.001943680588609228
1261,0.0028890029296904747
1263,0.0031396958991724367
1264,0.0016830277662767937
1265,0.002732873688755906
1266,0.00358848857055409
1267,0.003732988506971148
1268,0.009489573480903464
1269,0.004352515707764732
1270,0.0022832463211060836
1271,0.0018018210198447856
1272,0.0035146145714307817
1273,0.0013327100025326555
1274,0.006938417767077141
1275,0.005564837269236708
1276,0.004546494163459456
1277,0.009598563864878925
1278,0.004857985207800424
1279,0.005385340402114256
1280,0.004750509121506268
1281,0.00472036999810581
1282,0.002003290936833946
1283,0.005307939960181261
1284,0.0014292258017396073
1285,0.0022650041657716565
1286,0.0028234173209743313
1287,0.001972785506295099
1288,0.0017253078248612185
1290,0.0015209582477460452
1291,0.0024658362097608653
1292,0.0018624098606016106
1293,0.004598313213380078
1296,0.0021334686225127626
1298,0.002631718085588417
1299,0.001697814541449989
1301,0.004913867444174639
1304,0.004256307714249017
1305,0.0016037547746784362
1306,0.0011563929910527674
1307,0.00397484994845806
1308,0.0036760137307782184
1309,0.0026981773743739407
1310,0.0028990328661202274
1311,0.0022637083127666664
1313,0.0019169101473468044
1314,0.0072611965046485896
1317,0.0014507545450464228
1318,0.0017616388952388577
1319,0.003905555885809708
1320,0.0033012171240132397
1321,0.0040945218467728865
1322,0.0015886445347672638
1323,0.0035964824516575645
1325,0.0046183710876834694
1326,0.0070451006742040315
1328,0.005051236998733887
1329,0.005258329083466356
1330,0.003998727415275954
1331,0.0029330261991859408
1332,0.004554055876146392
1333,0.003157742008998934
1334,0.0021912243296722585
1335,0.003974575206593534
1336,0.004574335786517941
1337,0.0035228968937675346
1338,0.0036900816391642463
1339,0.001925301938743235
1340,0.0026238775414271377
1341,0.0008934294873485205
1343,0.003895448547966981
1344,0.00405060185617423
1345,0.005606739872593838
1346,0.0013839900581762699
1347,0.0018688676953473244
1348,0.005351876918090995
1349,0.0033447890817704207
1350,0.002851095413254059
1351,0.002872897593173711
1352,0.002313137104755063
1353,0.005428381172263867
1354,0.001850850420023421
1356,0.0037542508383552504
1358,0.0016139909742134292
1359,0.003477302178606169
1360,0.0031197214051504915
1361,0.001248813955979349
1362,0.0026447525827658844
1363,0.0025960053783361946
1364,0.0023706306156845466
1365,0.0027000021503671558
1368,0.0009852586675225172
1369,0.003291525030789403
1371,0.004527294345820793
1372,0.0013240911437726267
1373,0.004006551014839366
1374,0.0031459375741900893
1375,0.0022739570737882013
1376,0.002752211815884073
1378,0.003989949955216808
1379,0.0037545886740536333
1380,0.0019998277929690034
1381,0.002056482811508142
1382,0.0033996910619652934
1383,0.002731299954888388
1384,0.001672682656254016
1385,0.008040500651034338
1386,0.0033596007270708063
1387,0.004659131812749617
1388,0.002639489827800192
1389,0.0025934286035209837
1390,0.008263832073823939
1391,0.0019043024029259642
1393,0.006090584651956415
1395,0.00430170432450047
1396,0.006995648922497712
1397,0.005778067557971347
1398,0.0017013390598040743
1399,0.0016975595998598417
1400,0.005036758647597266
1401,0.002496346936523847
1402,0.0028865730086462473
1403,0.002754350829513316
1404,0.0013712618472203288
1405,0.003951478901652804
1406,0.00163346377425065
1407,0.0013979275163481391
1408,0.0027929737366943564
1409,0.005197688990083706
1410,0.0020344678825809665
1411,0.001271631504831881
1412,0.004489753032984809
1414,0.0017412967634511513
1416,0.0030375171965227
1417,0.005969991748122973
1418,0.003031210535633028
1419,0.001957883995436947
1420,0.0026152317429913646
1421,0.001580403116308099
1422,0.0014224110433155588
1423,0.0028649006674951057
1424,0.003936854236345723
1425,0.004427419985271387
1426,0.0016408844071995358
1427,0.00241113519992183
1428,0.00651519451676734
1429,0.0027139353842628835
1431,0.003027375685333748
1433,0.0029390002298661957
1434,0.0034334392187600647
1435,0.0035369758528131785
1436,0.001951673817914954
1437,0.005013141553817668
1438,0.003574479868426537
1439,0.0029114706748506925
1440,0.001236516273180158
1441,0.0009787217656989915
1442,0.0024093295186976126
1443,0.0028427347929940185
1444,0.002601110652633677
1447,0.001791524530421062
1448,0.004444079493861852
1449,0.0046768876625202915
1450,0.002956407327284064
1451,0.0038605281801397033
1452,0.0031481669152826543
1453,0.0037656367251127326
1454,0.0019039384380073246
1455,0.00308819889275297
1456,0.001683940114034393
1457,0.0018839638702538451
1458,0.007295765907011596
1459,0.0018406389233663232
1460,0.0020610917332053408
1461,0.003585355928879264
1462,0.005563873045252741
1463,0.001288227441511812
1464,0.002429096294562179
