,pi_i
1102,0.001923157183221763
1103,0.0034948183059564375
1104,0.003761012960132127
1105,0.0016598948245857502
1106,0.0013088721229826442
1107,0.0014144027704692868
1108,0.002130760235241274
1110,0.0022704115505385474
1111,0.003781059654232872
1112,0.007278823213603681
1113,0.0045448059262114026
1114,0.0015595290386250277
1115,0.0009363013941910795
1116,0.005129437644744215
1117,0.0022274623684875637
1119,0.0010863148910511711
1120,0.005197442063480994
1122,0.003011616385125009
1123,0.0045165316747443635
1124,0.0025094277842207394
1125,0.0015137759360100568
1126,0.002212607098538826
1129,0.002651895409242865
1130,0.003214480441141037
1131,0.0016206252221815838
1132,0.004028259555358571
1133,0.0036475254249837574
1135,0.0013913923130359973
1137,0.002297164609760884
1138,0.0015169058381686567
1139,0.0054729499651304525
1140,0.004137709264161481
1141,0.002374461894006697
1142,0.001803542983347365
1143,0.004140517606645485
1144,0.0015819552503317216
1145,0.0020319304956583984
1147,0.0016565602994319786
1148,0.0031620500508316865
1149,0.0011769335771576333
1150,0.005387275011939481
1151,0.0019044320913133512
1152,0.0017421862372603552
1153,0.010089434597085386
1154,0.0012327414937096865
1155,0.0027828012670209606
1156,0.003336676713144221
1157,0.0019070691295428911
1158,0.00284205615699272
1159,0.00172968828753236
1160,0.004109306001072408
1161,0.003815159231537821
1162,0.0016240294032230846
1163,0.006811524621964685
1164,0.0020612687835994256
1165,0.0015457777045091354
1166,0.004733871730234997
1168,0.001583324812079811
1169,0.0036276729147139944
1170,0.001789566759512806
1171,0.0014615076692619314
1172,0.0024318336012252276
1173,0.004693234744415811
1174,0.0032557747286862206
1175,0.0014008020696805535
1176,0.001470921638510098
1177,0.005753395245282504
1178,0.00363668480155662
1179,0.0027569672695817128
1180,0.002197621959708387
1181,0.009053612953372451
1182,0.0022831984761412056
1183,0.003180415282635517
1184,0.0014013777910615256
1185,0.0030004763790291737
1186,0.002622141097629607
1187,0.0022127322566280745
1189,0.0016405348583790834
1190,0.0019068304092675003
1191,0.0031600459187093232
1192,0.002146085773623225
1193,0.002688552962475787
1194,0.0010000309484307916
1196,0.008333526955403816
1197,0.0012453449622178727
1198,0.0024724388846572437
1199,0.0031201843164169202
1200,0.0031937141969466004
1201,0.004749714502640447
1202,0.0020952855148069233
1203,0.003638626812662294
1204,0.001972017503931725
1206,0.0035218275482355402
1207,0.0037765047201572103
1208,0.003350056256298776
1209,0.0026483272753376925
1210,0.003462399504754936
1211,0.006490008716265859
1212,0.000887412192735505
1214,0.0021991835819446205
1216,0.001577487258297155
1217,0.0015635343919884529
1218,0.003231968992514312
1219,0.0013400456570777626
1220,0.004277759787000811
1221,0.0017380939725571106
1222,0.0030510327313933347
1224,0.0009530145307385448
1225,0.0023909658609745574
1226,0.0019055932636391473
1227,0.002363669382436787
1228,0.006981586793975215
1229,0.0025518390886750107
1231,0.006556997513127148
1232,0.004336442022287023
1233,0.0030834796749892846
1234,0.004342364354749964
1235,0.006478540559808332
1237,0.0018221070358202048
1238,0.0021651876446125845
1239,0.0016331419579471626
1240,0.0019687083488679215
1241,0.00275839596495173
1242,0.005869763339420785
1243,0.002472037663573207
1245,0.004791924502769663
1246,0.006533289147582871
1247,0.0028128461934629543
1248,0.00323989279046322
1249,0.00256300455961935
1250,0.0014784315961798107
1251,0.001593179670337147
1253,0.004048645072129344
1254,0.0013416678520583156
1256,0.003467206823632523
1257,0.005602312055650402
1258,0.001140148488508917
1259,0.0014364205067093343
1260,0.002148322453765752
1261,0.007004492297908116
1263,0.002937535449464221
1264,0.0023481221431812466
1265,0.002189793458169365
1266,0.003731105247543334
1267,0.003711922984439279
1268,0.006786560125397527
1269,0.0043993796597123075
1270,0.0014079500516873018
1271,0.0014216861953221692
1272,0.0036273085352215503
1273,0.0019989328740772708
1274,0.004776153003026722
1275,0.004168163387457209
1276,0.003095962925915732
1277,0.010120873590645257
1278,0.0034119926472388888
1279,0.003759770974051858
1280,0.0038250137197276624
1281,0.004760421760925876
1282,0.0024503122958799374
1283,0.0044327252553096955
1284,0.0019195600760382834
1285,0.0028152884368764695
1286,0.0018562272716246614
1287,0.0018501393923718533
1288,0.001167176846521209
1290,0.001591068092483523
1291,0.0015636541300138773
1292,0.0025972422632266996
1293,0.004042231488377189
1296,0.0031002559069156425
1298,0.0030263915487574416
1299,0.0019048217704595565
1301,0.004635829079123384
1304,0.0026439074979727395
1305,0.0021521529094267336
1306,0.0008465360060539013
1307,0.003598801985470168
1308,0.00386859159294125
1309,0.0022709290372272917
1310,0.002331176218119718
1311,0.0018266660735766032
1313,0.0015695611182385257
1314,0.005907480495428109
1317,0.0015039356900782325
1318,0.0016144635433084514
1319,0.0032633898839811415
1320,0.002899530250406389
1321,0.001966169332876445
1322,0.0022145039980892727
1323,0.004275182624854218
1324,0.0024743075185177476
1325,0.0050483330141342375
1326,0.006088878085422109
1328,0.00711610069440636
1329,0.006653330399072922
1330,0.002719611653292173
1331,0.002402532499372425
1332,0.00509544096339729
1333,0.003064121421624577
1334,0.002373394328263712
1335,0.0036116439031973076
1336,0.004605412185926123
1337,0.0054912045613805345
1338,0.002805400052020259
1339,0.002064529990768677
1340,0.002516493206161087
1341,0.001146747367031305
1343,0.003456756422033086
1344,0.002653125349820829
1345,0.005939301522641595
1346,0.0018504219937709682
1347,0.00246640591642657
1348,0.0019060071965942252
1349,0.0015340323208411653
1350,0.003560220488712538
1351,0.002413839973491503
1352,0.002380810580735624
1353,0.003803403847928791
1354,0.002258598240228308
1356,0.004508398606444324
1357,0.0010067442434230872
1358,0.0029185354912631936
1359,0.003703281992160107
1360,0.004040381682032431
1361,0.001584506856610243
1362,0.00351110899629772
1363,0.0027212781444224026
1364,0.002627369289933633
1365,0.0033572731469994417
1368,0.0014849432885116094
1369,0.00378266039601308
1371,0.0040162082241923
1372,0.0013997664412636463
1373,0.003178823881382257
1374,0.004089152349297841
1375,0.003128081705413827
1376,0.0046795891554414085
1378,0.004325509310469551
1379,0.0036071945796100745
1380,0.0017260532546185844
1381,0.0024560209966647184
1382,0.004657002493934697
1383,0.0023982560759401405
1384,0.0017293132061434735
1385,0.005745127255346564
1386,0.003683193790312028
1387,0.0046338621481570915
1388,0.0018145707322881118
1389,0.0014963935525299046
1390,0.00913005309120234
1391,0.001658585682250938
1392,0.0012000278394394882
1393,0.006157655699042483
1395,0.0036321324759497446
1396,0.007971643954914011
1397,0.006465662060943197
1398,0.001700286026246292
1399,0.0029249919082488733
1400,0.007210606490057923
1401,0.002198153717447221
1402,0.002128193963075846
1403,0.002808270874063705
1404,0.0020839140631398294
1405,0.004338126401751592
1406,0.0019822590788602375
1407,0.0022111081132004853
1408,0.003558348120088067
1409,0.008741208582856623
1410,0.0015326875708927962
1411,0.0017166777847391406
1412,0.0031324193632381583
1414,0.0021154396032831368
1416,0.0023279599933673134
1417,0.005015663925172917
1418,0.0034811828599145053
1419,0.002655522145117981
1420,0.0020738514375781172
1421,0.0018682694399278907
1422,0.0021198065714647524
1423,0.0036766353677218306
1424,0.004351368237780689
1425,0.004926875540386505
1426,0.0020832956980377927
1427,0.0022148654577915663
1428,0.004611629351862305
1429,0.004400459210342427
1431,0.003260444211841486
1433,0.002285628061412848
1434,0.002529437901987045
1435,0.004917256555233459
1436,0.0020281153182138078
1437,0.004284628642116844
1438,0.004802402069064145
1439,0.0036137675091892844
1440,0.001300622729313043
1441,0.0016894138440999482
1442,0.0019245077959933526
1443,0.002546290837810837
1444,0.002656215338756515
1447,0.001938828442089187
1448,0.00504601859651072
1449,0.0030025898243843424
1450,0.0023527300283961885
1451,0.0027577077326319172
1452,0.0029934852560140565
1453,0.0030779494071870453
1454,0.0031168849505465624
1455,0.0026923356972923
1456,0.002148098403203973
1457,0.0029099684013567145
1458,0.0062770411903040465
1459,0.002082764564667872
1460,0.0022340106381422706
1461,0.004023084657481778
1462,0.004811697463061447
1463,0.001432809856856187
1464,0.0020037862860089145
