,pi_i
1102,0.002377139476318719
1103,0.0023358357624734863
1104,0.005164261593664185
1105,0.0016477170123055593
1106,0.0021157607653194428
1107,0.0011017247160558328
1108,0.0021001373687200816
1110,0.0018206306194130143
1111,0.0017136381843680514
1112,0.008350463528164393
1113,0.0041019886641326005
1114,0.002650134065369642
1115,0.0006883572858727658
1116,0.005652335674404657
1117,0.0025240750829041776
1119,0.001358941935488207
1120,0.004591901851075711
1122,0.003487080113906491
1123,0.0031732609781022357
1124,0.003726508130067485
1125,0.0017570171635454153
1126,0.0012705806080005246
1129,0.0028538026919055137
1130,0.006544739620617177
1131,0.0024366178405256463
1132,0.002996847807705175
1133,0.003397856706142274
1135,0.0020040069554458687
1137,0.0017390689232730742
1138,0.0018131995718424835
1139,0.0051187559338740215
1140,0.005151506227889688
1141,0.002777732697254586
1142,0.0013711665167594842
1143,0.005505147990805063
1144,0.0014808971367288217
1145,0.003007424738551499
1147,0.0012164045776232486
1148,0.0020204525085256017
1149,0.0013467666805595429
1150,0.005747229557148672
1151,0.002851564965903943
1152,0.0013551347398697642
1153,0.005962970994823108
1154,0.001990295832624478
1155,0.0031474086083314104
1156,0.0033476166365268532
1157,0.0016347422008471013
1158,0.0033441313878613418
1159,0.0018141740307891405
1160,0.004281161775935771
1161,0.003212516201726754
1162,0.001726444191958301
1163,0.004293009415720218
1164,0.0017559021557430827
1165,0.0014674680904816532
1166,0.005643331199973012
1168,0.0012459646984118455
1169,0.0042585161154346535
1170,0.0012782701582263836
1171,0.0014192856860400017
1172,0.0020688683117643302
1173,0.004606167401273685
1174,0.003836062171073558
1175,0.0015820068118585888
1176,0.001758699892323703
1177,0.003056031504261226
1178,0.004418749156068445
1179,0.0027675966278188266
1180,0.002618607122221697
1181,0.014018527781028566
1182,0.002443894882110837
1183,0.003366422515977529
1184,0.0013791575683375892
1185,0.0016294380764277554
1186,0.0028278462558749278
1187,0.0024028612458652453
1189,0.0013318195200504232
1190,0.00249453385470163
1191,0.0026116501121215153
1192,0.001919975031133607
1193,0.0022977087020551673
1194,0.0014711264799458083
1196,0.007157633795066592
1197,0.0010382263601648764
1198,0.0017684064706475554
1199,0.002940303737803347
1200,0.0028723513125391066
1201,0.005779012820704471
1202,0.0020345241552696203
1203,0.004296141101784542
1204,0.0024793113033628814
1206,0.004019074832248184
1207,0.004950288258603965
1208,0.005037881405665487
1209,0.004427308406712811
1210,0.005220408309083001
1211,0.004985289437811813
1212,0.0012346136722837981
1214,0.00303069575383439
1216,0.0013895464540136975
1217,0.0020646169708631325
1218,0.0037574909916801946
1219,0.001217048691585119
1220,0.004429900467895257
1221,0.0032896230628424593
1222,0.002520500703669717
1224,0.0013134904301834755
1225,0.0013544105253534655
1226,0.0023486437782216096
1227,0.0026029159394404433
1228,0.008407389505392287
1229,0.003806535390481171
1231,0.006706933042179504
1232,0.004300834262863265
1233,0.003299772169324178
1234,0.005604981874781658
1235,0.006005374292977633
1237,0.0022777390044060254
1238,0.0014954644085219695
1239,0.0022144132123925655
1240,0.001582050109048173
1241,0.0024253586038441937
1242,0.006636286385177643
1243,0.0031992666829343645
1245,0.004808216181025078
1246,0.007798362508684972
1247,0.0032535584931297273
1248,0.0019869579297829287
1249,0.0013376407762924337
1250,0.0019748745941452397
1251,0.0015256902335408116
1253,0.0024897009597804266
1254,0.0015508144179751313
1256,0.0029574780726232125
1257,0.0031642779684428715
1258,0.0019032848905147783
1259,0.0016897454694545753
1260,0.0019453034964019668
1261,0.0039880196861797
1263,0.002851058982518947
1264,0.003002362365466491
1265,0.0029867227420506868
1266,0.003551354113080877
1267,0.00321772418480319
1268,0.008905923042885743
1269,0.004388081722797643
1270,0.0032557977303102835
1271,0.0013439489269318132
1272,0.004524797124859208
1273,0.002253555102456685
1274,0.003734891289715393
1275,0.004097609780524119
1276,0.0026505959590069996
1277,0.008066642937041598
1278,0.003613294945056474
1279,0.005977134196966538
1280,0.004691992648076253
1281,0.0046948154801790985
1282,0.0026711075903410966
1283,0.002878598332179343
1284,0.002985122855640787
1285,0.0019531035114069653
1286,0.0027104857092669432
1287,0.0019680014009209696
1288,0.0015643467427973517
1290,0.0019462578666814639
1291,0.0013800215112961163
1292,0.0015306723677753803
1293,0.0028447581156494273
1296,0.00152261253769596
1298,0.0031618869326571286
1299,0.0017565815105054197
1301,0.004438539690435712
1304,0.004062817089304081
1305,0.0026433064198917735
1306,0.0016249090968343952
1307,0.003959232793718111
1308,0.0028067382291378585
1309,0.002396468120804341
1310,0.0025068890358491288
1311,0.0017109371568789892
1313,0.001853120114289705
1314,0.007649600608348797
1317,0.0011024362350364112
1318,0.001864535512835664
1319,0.0024677508261670405
1320,0.0022719577694302537
1321,0.002943697781960566
1322,0.002177137707499071
1323,0.004673102304868109
1324,0.001878171328653315
1325,0.0037056800811826078
1326,0.0052956798897113785
1328,0.0063846185835979095
1329,0.004377883625170938
1330,0.003045477925014412
1331,0.0016681208190228393
1332,0.0038208410216366995
1333,0.00308869394236285
1334,0.002723201614445136
1335,0.002684342232835442
1336,0.0047863153322036745
1337,0.004478790728569412
1338,0.003848935162022456
1339,0.0017484289046876594
1340,0.0016877769014215385
1341,0.0009192675549202579
1343,0.002512794816635018
1344,0.005231952097755017
1345,0.0044392898479438956
1346,0.0013615153482360014
1347,0.0022667223842432844
1348,0.0020151355568857666
1349,0.0030541603860963803
1350,0.004438780317057962
1351,0.002511922533879967
1352,0.0015064362933229123
1353,0.0031687513628877594
1354,0.0027500983991769826
1356,0.0031254620572211764
1357,0.0012299742124509047
1358,0.002151665555141979
1359,0.0027000493544037467
1360,0.0034627738726263823
1361,0.0025865058621086737
1362,0.0023271345319417778
1363,0.002661772611789539
1364,0.0021476826819224835
1365,0.003387107791673154
1368,0.0017212028779521598
1369,0.002355005498858484
1371,0.003720948930823372
1372,0.001483978269564431
1373,0.003250674917092812
1374,0.0038824377551398485
1375,0.0035077089495435896
1376,0.004397340809880185
1378,0.004817678515710873
1379,0.004857361997478337
1380,0.0013781187950567839
1381,0.0033914637162859654
1382,0.0041828329221679774
1383,0.0026079656228922346
1384,0.0015120767181894812
1385,0.004007093796575212
1386,0.005704326954581411
1387,0.0045465669789309035
1388,0.0010212544420076285
1389,0.0015846654929562848
1390,0.009226868898816628
1391,0.0024512368732048802
1392,0.0016983661708465838
1393,0.005013753001353431
1395,0.004782298552730009
1396,0.006090975424720848
1397,0.006094530527144437
1398,0.0022553397422287566
1399,0.0030017643522068684
1400,0.0057927281852563125
1401,0.002323958191618184
1402,0.0016079426082623953
1403,0.002524956149727703
1404,0.0018455111747005975
1405,0.004128575133157329
1406,0.0020273425389890146
1407,0.0028573023032199838
1408,0.001976241973577615
1409,0.005063046253261196
1410,0.001954451031848159
1411,0.001322883835478675
1412,0.004030791640582197
1414,0.002847229030281634
1416,0.0020405768827462417
1417,0.005510045507525293
1418,0.0029922756452568796
1419,0.0016232619014666485
1420,0.0025158542401351276
1421,0.0019891944353383237
1422,0.0027749785715814783
1423,0.003722939358037427
1424,0.0031170014786901647
1425,0.0053520130949819495
1426,0.0017716046797083907
1427,0.0021216912721053354
1428,0.0042635537768508786
1429,0.004494847699107725
1431,0.0040185388637187115
1433,0.0030184736531492133
1434,0.0035999536257093575
1435,0.0038782382708647998
1436,0.0020065284994113925
1437,0.004149476587620823
1438,0.006121083229784869
1439,0.0018820032055223142
1440,0.0015804038539374281
1441,0.001626387533415603
1442,0.0014963975201176408
1443,0.004194815588892016
1444,0.001948879544857527
1447,0.0024028371051316986
1448,0.007151907450458643
1449,0.002432132960859336
1450,0.002858525360551916
1451,0.002440551244647862
1452,0.0029927553818791925
1453,0.002364884081205133
1454,0.003144997003099356
1455,0.002469023419039663
1456,0.0023881878094978654
1457,0.002712161343595288
1458,0.005116834935306393
1459,0.002260085470080184
1460,0.0028983074548031788
1461,0.0042424397479622795
1462,0.004911206520806567
1463,0.0019705688207593084
1464,0.002495068393182381
