,pi_i
1102,0.00281329259773246
1103,0.002488985518877253
1104,0.006641256995626655
1105,0.0016253788247891292
1106,0.0017687020666215965
1107,0.0013658004422203128
1108,0.0020300170482545543
1110,0.0024510676451109784
1111,0.0019380307806822821
1112,0.006300515607463337
1113,0.004026723997371137
1114,0.0035105903942997145
1115,0.0008788440933894142
1116,0.004445609417245667
1117,0.0032672745843567684
1119,0.0015008105227579788
1120,0.003226664583001232
1122,0.002653213354942211
1123,0.004589140431976882
1124,0.003136996515134359
1125,0.002172018190974029
1126,0.0015105503765065027
1127,0.0015395048890985783
1129,0.002579359712826486
1130,0.004317899788447501
1131,0.002778927182159629
1132,0.0046346385201688645
1133,0.002402428856416137
1135,0.0023435700501742095
1137,0.0019921043546750725
1138,0.0027118366157925316
1139,0.005164600952821051
1140,0.00399893349786099
1141,0.0023417816548021077
1142,0.0025217946377487583
1143,0.005138157009587426
1144,0.001320888734854172
1145,0.002241244012966323
1147,0.0013550781402077929
1148,0.0030349893291604893
1149,0.0013413217169673673
1150,0.0050870571925266325
1151,0.0030851258482139073
1152,0.0009950293112658151
1153,0.009519232443948516
1154,0.00262705605957668
1155,0.0030727893402706886
1156,0.0025467477947658463
1157,0.0012573111062887537
1158,0.0037987779621842382
1159,0.0021557349209730295
1160,0.0032360775120034027
1161,0.002967927652473776
1162,0.00214283226519355
1163,0.005677050692916198
1164,0.0013300186713265903
1165,0.001453239350767751
1166,0.004243497456523909
1168,0.0016973678399536936
1169,0.002536715950322625
1170,0.0014609991974359482
1171,0.0013747212650946242
1172,0.0030402812538882426
1173,0.005107801075012195
1174,0.002975604850323905
1175,0.0022726780585758354
1176,0.0017580219774593142
1177,0.0024903350403609878
1178,0.0036309938146196225
1179,0.002671683951314394
1180,0.0026761893084000558
1181,0.011417682625183778
1182,0.0022253565358237243
1183,0.0021095850451972897
1184,0.0013256592241771615
1185,0.001378911298558915
1186,0.0027554413451928647
1187,0.00245195653988019
1189,0.0013856609838720237
1190,0.0032389672860987243
1191,0.0018018668766809523
1192,0.0012057374572145118
1193,0.0023485944477966
1194,0.0024794537996540213
1196,0.007457854120597792
1197,0.0016581393606271632
1198,0.0022740376314729343
1199,0.002729286211616277
1200,0.0022861245615922827
1201,0.0042384191066772185
1202,0.0026433528171417257
1203,0.002439420371760093
1204,0.0024085161246363805
1206,0.0031108803861206254
1207,0.0048199512193423145
1208,0.005735305198930509
1209,0.002991055163180831
1210,0.0037874991586025596
1211,0.006224861438580283
1212,0.001158076834243664
1214,0.003652998344617864
1216,0.001846735517257502
1217,0.002005220475638558
1218,0.005083887969564829
1219,0.0012927273441552239
1220,0.002582630333250144
1221,0.0031067127283703044
1222,0.003515702425917573
1224,0.002495403655566434
1225,0.0017780811213084326
1226,0.0016999529164384716
1227,0.0033507930150797043
1228,0.006652872973806698
1229,0.0031777443027511966
1231,0.006465903700539217
1232,0.002153495522229868
1233,0.002495716575607802
1234,0.005326385710942779
1235,0.003160791686517369
1237,0.002598033748254147
1238,0.0013972148921060554
1239,0.0024104741519695725
1240,0.0017742100226925796
1241,0.002559673518231975
1242,0.008829758917247616
1243,0.0027808085441075998
1245,0.006151287102020023
1246,0.006151216072824808
1247,0.003210316223311871
1248,0.0022917155018124915
1249,0.002049699637050088
1250,0.001470413375225819
1251,0.0009136645119177862
1253,0.0026283823718647446
1254,0.0009134921853156504
1256,0.003846076860582438
1257,0.004523995096901044
1258,0.0019351616432789352
1259,0.0013689465513826032
1260,0.0031944214341343732
1261,0.004440149047622476
1263,0.001744554059196056
1264,0.003436239748306324
1265,0.0032641571043418747
1266,0.006973213522425574
1267,0.0026213871138827754
1268,0.007707585574609221
1269,0.00329295208651591
1270,0.0031694108072766887
1271,0.001600885019739462
1272,0.005378605016532687
1273,0.001452169781917376
1274,0.005306301049079851
1275,0.0033145444811435876
1276,0.0028166649943909545
1277,0.005165409453476714
1278,0.004485971119621039
1279,0.005182751238120527
1280,0.006155303387094034
1281,0.004993306129079602
1282,0.002588304458898887
1283,0.0035084535904749553
1284,0.0022818061508773115
1285,0.002379249360947837
1286,0.0028530654157583237
1287,0.0023841972132488216
1288,0.0013483812254782416
1289,0.0007203071883401602
1290,0.00148517243532554
1291,0.000882308547108913
1292,0.0024742710975919372
1293,0.0030772583097043037
1296,0.002358691875931269
1298,0.0019035909557715716
1299,0.0016994812403875294
1301,0.005503604176697751
1304,0.002945641993431312
1305,0.0032903636315226685
1306,0.0014227005480991937
1307,0.0036991057563848717
1308,0.0036061771785813354
1309,0.002411041288126004
1310,0.0028673521601555807
1311,0.0008849031032773651
1313,0.0018085525343058703
1314,0.0026942022110206226
1317,0.0025053369708357767
1318,0.0016927963208070696
1319,0.0021703984412538894
1320,0.0027133974136762406
1321,0.003436746412587895
1322,0.002228196006683861
1323,0.005652977702315522
1324,0.0030763383161525226
1325,0.003187319707219971
1326,0.005952090767265221
1328,0.00759058173766089
1329,0.005422316139477498
1330,0.0027204833632511597
1331,0.003556281788102721
1332,0.007579963944760296
1333,0.0027727424984458336
1334,0.0034643162271926985
1335,0.004484998176742463
1336,0.0022964727243813057
1337,0.004472250893470472
1338,0.00579715294336176
1339,0.002072949294173832
1340,0.001986221535778635
1341,0.0009456993716140392
1343,0.0026284445246677474
1344,0.0036716209488629583
1345,0.003912043383277458
1346,0.0020889561171194065
1347,0.0027428278959067388
1348,0.0021792004856053633
1349,0.002324418764252001
1350,0.004101996343367219
1351,0.002864046976580848
1352,0.001561428447156632
1353,0.0033298926160256676
1354,0.001968097566460787
1356,0.005270278780987871
1357,0.0015006591618143942
1358,0.0025994503302792828
1359,0.0026286580349380354
1360,0.0031453934427723464
1361,0.004373278462772839
1362,0.002449890513412747
1363,0.0021120352790369975
1364,0.004190534919286535
1365,0.0022085189379157377
1368,0.0014960396544194563
1369,0.0016571452093055454
1371,0.00359196966566358
1372,0.0018694458047640162
1373,0.003083427492496069
1374,0.0031973286875236666
1375,0.001841752605537711
1376,0.005460224719016992
1378,0.004088458223698296
1379,0.002328376527837705
1380,0.0010258240994207306
1381,0.0023273767423086715
1382,0.004083485793581139
1383,0.002134027492560723
1384,0.0014099445735127768
1385,0.003988761445052974
1386,0.004131064413166121
1387,0.003803353941778029
1388,0.002251519914056798
1389,0.0015264745883633785
1390,0.005872500634645606
1391,0.0014438355127571378
1392,0.001312663994845796
1393,0.004617019861473664
1395,0.0030234521923141176
1396,0.004133749909120393
1397,0.00468891384466741
1398,0.001905742034359699
1399,0.0036127388538239936
1400,0.005116365464162993
1401,0.0024243516452085267
1402,0.001978299827273259
1403,0.005526470352171247
1404,0.001831360517039515
1405,0.002872324437695155
1406,0.0016292826834017515
1407,0.0026975102700158874
1408,0.0028321072843823995
1409,0.005239092911466044
1410,0.0020461886678030047
1411,0.00114738163841172
1412,0.0035792997596881698
1414,0.0037407768719607596
1415,0.0019102735122989436
1416,0.0027760461400361054
1417,0.004940758709886002
1418,0.003395216734727273
1419,0.0026073781682953343
1420,0.002210263809610375
1421,0.0016608605573604942
1422,0.0034772190537597893
1423,0.004465717304131508
1424,0.0038677058494151592
1425,0.006786190562556277
1426,0.0017670867064787659
1427,0.0028913231018830154
1428,0.00441988549112998
1429,0.004278695811103771
1431,0.002586065885089813
1433,0.003363177704058649
1434,0.005458059762002885
1435,0.0038060463336274312
1436,0.002700218928604131
1437,0.004286995952694676
1438,0.004351666108145685
1439,0.002793152455536414
1440,0.0017781397235562546
1441,0.0018750635057635209
1442,0.0017861496348304006
1443,0.00538674799850088
1444,0.0031994179784015095
1447,0.002416569579443958
1448,0.005538736220567485
1449,0.003385575435357113
1450,0.0020371743237482492
1451,0.0027911508845486327
1452,0.002320646167513921
1453,0.0025243241492358417
1454,0.003314635110337172
1455,0.0030311349247934367
1456,0.0023083695581830373
1457,0.002003445206472195
1458,0.004483877391782043
1459,0.0018884963588304993
1460,0.0030186794848065888
1461,0.004238667780235808
1462,0.005656958694512548
1463,0.00293913362343595
1464,0.0015802111861295425
