,pi_i
1102,0.0028501035926599746
1103,0.0026970885603669267
1104,0.004716609055753277
1105,0.0012855496854659951
1106,0.0019348577802142896
1107,0.0014138693819807468
1108,0.0020691327748375344
1110,0.0033167796199370905
1111,0.002518692389260427
1112,0.007704969495122239
1113,0.004978647457260597
1114,0.002696643202177598
1115,0.0009649265892600531
1116,0.0029583831474055524
1117,0.002581520278166909
1119,0.0010637010169699634
1120,0.004428865549011989
1122,0.0029900635413065623
1123,0.0029321630052491984
1124,0.0031626648308375185
1125,0.002877986286829027
1126,0.0013857633747796421
1127,0.0023012626885345376
1128,0.0020693433084656336
1129,0.002507577134076915
1130,0.004552229465024385
1131,0.0035417617522216015
1132,0.002560853013083535
1133,0.0029657392163382162
1135,0.002942652278450381
1137,0.0022227046553431624
1138,0.0019913281223060625
1139,0.004735428600359377
1140,0.005478001762175361
1141,0.004290641515116329
1142,0.002572712203057349
1143,0.004607398033616662
1144,0.0010436544891680637
1145,0.002437436250634097
1147,0.0016693520095661723
1148,0.0020614215807167823
1149,0.001856293425188694
1150,0.0034738341591829497
1151,0.0030076836602979497
1152,0.0015682790937566362
1153,0.00476472617199281
1154,0.001434974834621637
1155,0.003144311587292579
1156,0.0022217625589104287
1157,0.0017963979719216548
1158,0.003271653310982581
1159,0.0019105675228191586
1160,0.00538151548605964
1161,0.0034825353651167655
1162,0.0013120604235387198
1163,0.005742091903038354
1164,0.001985825803441742
1165,0.00165659766232385
1166,0.006596246497555672
1168,0.002180820071661006
1169,0.0025780306603849774
1170,0.00184789609332824
1171,0.0017059032760629441
1172,0.0026469633868856867
1173,0.004813198732346505
1174,0.0028801133960206266
1175,0.001967869618376788
1176,0.0033805615277026327
1177,0.003847577368626353
1178,0.004054598907288999
1179,0.002200170026739686
1180,0.0034510684500266673
1181,0.006649217031122688
1182,0.0025564698884041727
1183,0.0027294476782745757
1184,0.0016470291345632606
1185,0.002302315513855057
1186,0.00353182315203934
1187,0.0024979747100322513
1189,0.0014379439562637894
1190,0.002857483507790211
1191,0.002660204431490031
1192,0.0019274470121715766
1193,0.003009172923102832
1194,0.001669201633846961
1196,0.007090870907223785
1197,0.0018898227795494877
1198,0.0021722495320626338
1199,0.0037453131886407893
1200,0.0017009820258915278
1201,0.003496023273220173
1202,0.0020908630794594656
1203,0.003622698009319081
1204,0.00196127787821207
1205,0.0018503336809376468
1206,0.0032539395320496114
1207,0.004418522364616838
1208,0.005661534567558024
1209,0.0020965265480891297
1210,0.004430438554186938
1211,0.0050865040140733505
1212,0.001411347534966529
1214,0.0022867599753386043
1216,0.002433752015665374
1217,0.0022092615399267185
1218,0.0033814626819653787
1219,0.0015351773341324899
1220,0.0019981947971053388
1221,0.0041400168366653
1222,0.002187469392149072
1224,0.002148700741783095
1225,0.0022250892268179446
1226,0.0025563081233633458
1227,0.004127119567713147
1228,0.007121090706584771
1229,0.0023334823255784184
1231,0.005245616634533701
1232,0.002205408916330582
1233,0.0029027784921415883
1234,0.003456741076849353
1235,0.0037692742161570232
1236,0.0018933276853019551
1237,0.0030343891963131833
1238,0.0018775202460474798
1239,0.0017660756062166637
1240,0.002605601301751705
1241,0.0023278584165154635
1242,0.0076349922843661116
1243,0.004213967107501463
1245,0.003894394981739434
1246,0.008860026553566599
1247,0.0028901596756380796
1248,0.001972299565984223
1249,0.0019067244697992046
1250,0.0020863611043234645
1251,0.0015573881325825706
1252,0.0013388074624245893
1253,0.0013480612840093954
1254,0.0017582068152754797
1256,0.002376959013004031
1257,0.006826538835687374
1258,0.00240583751250822
1259,0.0012676126229561083
1260,0.003423083503976113
1261,0.005830367274230368
1263,0.0024764542107299525
1264,0.0041632420929747695
1265,0.0022951166771813945
1266,0.005656248254161964
1267,0.0028312267879400813
1268,0.006249263339233765
1269,0.002402417392982652
1270,0.002282980884687548
1271,0.0012426617641046265
1272,0.0052858041420467215
1273,0.0025833596119140233
1274,0.003400659164693374
1275,0.0030017456522129036
1276,0.003954611658425457
1277,0.005414384789797432
1278,0.0035484306583786355
1279,0.004132573606022264
1280,0.006499113731152439
1281,0.005513098528535738
1282,0.001855484315403762
1283,0.0037115546678902936
1284,0.0021130520531767692
1285,0.0024338131921543974
1286,0.0020473290290027877
1287,0.002814122271767858
1288,0.0011743175194137315
1289,0.0008728913312812685
1290,0.001956578825992564
1291,0.0016189494072241064
1292,0.0030256885685072204
1293,0.003385592189123942
1296,0.003330507652710876
1298,0.0015905823488532452
1299,0.0007633824406340228
1301,0.004596352311233808
1304,0.0028011171261558172
1305,0.004020177091196086
1306,0.0013550926438101547
1307,0.002320852387276807
1308,0.003540720838198765
1309,0.0026689786653975194
1310,0.002714680712586737
1311,0.0011343663034461837
1313,0.0016015391253255005
1314,0.004674237065761109
1317,0.0019217229949545596
1318,0.0024888256741493757
1319,0.0022395590438015252
1320,0.0024408221930315777
1321,0.0027066881966180977
1322,0.0014317440545880942
1323,0.006351249383666458
1324,0.0022925581528318354
1325,0.003084368695567961
1326,0.003938416174763384
1328,0.006525475596616571
1329,0.005130388516253766
1330,0.0027821996782560676
1331,0.002858309382078843
1332,0.00536536367987395
1333,0.002980249846698039
1334,0.002686897307162579
1335,0.0043736518987248065
1336,0.002091505303594226
1337,0.002717741262733572
1338,0.007759818710172456
1339,0.0020799887769473095
1340,0.0016178788222027108
1341,0.0020854889403619527
1343,0.0030823934660156416
1344,0.004563859692298416
1345,0.004948819439219188
1346,0.002254487909302025
1347,0.001425249731479911
1348,0.003378493983297783
1349,0.0030163268513762596
1350,0.003688630478483087
1351,0.002246814901301518
1352,0.0016473501905534202
1353,0.003314638455683542
1354,0.002255856465217503
1356,0.0043927014591029715
1357,0.0014382338489822048
1358,0.002776105238656945
1359,0.002265539737345982
1360,0.003448167736335853
1361,0.0030562009739660864
1362,0.003015865205860006
1363,0.0017001023050983099
1364,0.003699506239481514
1365,0.002022488625703403
1366,0.0009062021750261005
1368,0.0016985042386853475
1369,0.002165514179209117
1371,0.0040418678592782425
1372,0.0028539200710661614
1373,0.003144244229228384
1374,0.0031301393553955555
1375,0.0027894732999572155
1376,0.003572916378407022
1378,0.00313425647110186
1379,0.002804834361697841
1380,0.0012475890168059582
1381,0.0016800563887312441
1382,0.0037014274688836153
1383,0.00227675340452618
1384,0.0020054478111901143
1385,0.003877313529460377
1386,0.006186386326390815
1387,0.003704350756390368
1388,0.0029670532058103907
1389,0.0019947329570371647
1390,0.0052538274867816
1391,0.001361076737069635
1392,0.0017784197633094751
1393,0.0058481517122312065
1394,0.0016638976563306536
1395,0.0027322105274670445
1396,0.003958431306890765
1397,0.004172745130202465
1398,0.0009245334957095076
1399,0.0034004072713272808
1400,0.006437097804400479
1401,0.0032921973366785706
1402,0.002464793557904942
1403,0.005096408825049271
1404,0.00190770398068126
1405,0.003304786199540205
1406,0.0011386271320261258
1407,0.0039050885296751676
1408,0.0034551598489801975
1409,0.004541237814946526
1410,0.0014043936846150466
1411,0.0020868138854588
1412,0.0040612851453561295
1414,0.0030839598870499472
1415,0.0014828492196223924
1416,0.0034907074009939486
1417,0.0032720522816953174
1418,0.004219012018768836
1419,0.0018832848760116688
1420,0.0015309064697516985
1421,0.0016895114483667587
1422,0.001963910606351981
1423,0.004987420505358065
1424,0.004242352530357943
1425,0.0038081470221303614
1426,0.0023404637964003767
1427,0.0017946779553621036
1428,0.004697337636899606
1429,0.0036254682519470467
1431,0.0015574654604135721
1433,0.0031983531081081025
1434,0.0036357013503424316
1435,0.0034333228902400886
1436,0.0031156550852241907
1437,0.004563353193620455
1438,0.00397544557750339
1439,0.003025252089269753
1440,0.0015347252086106453
1441,0.0015023872999438564
1442,0.0014235914863291762
1443,0.004391742458783956
1444,0.004152262779483943
1447,0.0030962414490762935
1448,0.005999108851597525
1449,0.0029270937579756176
1450,0.0022351468369671843
1451,0.0038531632625054602
1452,0.003198241012359555
1453,0.0023567745599945107
1454,0.004700258698723319
1455,0.0031253670549782307
1456,0.0018672904641237264
1457,0.0022261822552071277
1458,0.005909554792781669
1459,0.0022177517405530087
1460,0.0021871503022747292
1461,0.0034289442538312084
1462,0.006495603946317625
1463,0.0028716894904129583
1464,0.001908889865219899
