,pi_i
1102,0.004525670947243218
1103,0.0028939869781643463
1104,0.00491972659232012
1105,0.0016601512953866254
1106,0.0020475691619692886
1107,0.0014738565353746556
1108,0.0013072564081930069
1110,0.0029067930877935337
1111,0.0024882391227261475
1112,0.0053548289289163595
1113,0.0027469961964917827
1114,0.002567763522420269
1115,0.0007288804588836244
1116,0.003269313966518238
1117,0.0025342341620652026
1119,0.0009061625222550234
1120,0.0038299874045822947
1122,0.00344795941976074
1123,0.0029956722875756655
1124,0.001974606952528645
1125,0.003393938145031836
1126,0.0013968769379066601
1127,0.0021147248387837782
1128,0.0023210036627599856
1129,0.004152410762132195
1130,0.004997299909777103
1131,0.0033065030641883657
1132,0.002743405628108446
1133,0.0028732870254651343
1135,0.002193709260775209
1137,0.0023880409543376134
1138,0.0033973297659103847
1139,0.003128033620680741
1140,0.004860842368941231
1141,0.0018588060136232563
1142,0.0022422244277981052
1143,0.0034048617420177796
1144,0.0010604956892087394
1145,0.0022636166032833295
1147,0.0024157247579917975
1148,0.002316491231345611
1149,0.0014311670785235508
1150,0.0049171057776038925
1151,0.002878612854631722
1152,0.0025503014196873444
1153,0.006996663138756491
1154,0.0009430773194366272
1155,0.0033227727214180302
1156,0.0017347896928774486
1157,0.0020230896442748696
1158,0.0033402972081817126
1159,0.001867604343874656
1160,0.0038239447311939857
1161,0.002915559228604447
1162,0.0017767156704380676
1163,0.008050673430184514
1164,0.0025474122179810644
1165,0.00214243110282931
1166,0.003978637713353567
1168,0.0022535592057310564
1169,0.0027729357218844505
1170,0.0022286464207690194
1171,0.0012130888828112342
1172,0.002604701154232391
1173,0.004251233573582682
1174,0.0028851375590236844
1175,0.002185115775641458
1176,0.002421599923526929
1177,0.004211336741226879
1178,0.004086504279467122
1179,0.0026247054337460783
1180,0.0035276052622023766
1181,0.010045459310082603
1182,0.002900047863934114
1183,0.001572539111112664
1184,0.0022839876802205773
1185,0.00214593980678038
1186,0.0031547894021567388
1187,0.0029274395271959644
1189,0.001937844479267608
1190,0.004026368512745201
1191,0.00241664202795607
1192,0.0023364926598293152
1193,0.003360903455176696
1194,0.0020174076899147765
1196,0.005801986816211899
1197,0.0020289510343234744
1198,0.0012441220847112108
1199,0.0058677629642514975
1200,0.0018689095148612602
1201,0.0033435068958232637
1202,0.0026112032016789933
1203,0.00448818296517669
1204,0.002899380762815969
1205,0.001798055308611227
1206,0.0037599171989491655
1207,0.0028645505346730055
1208,0.00422691294281661
1209,0.0030213671615637715
1210,0.00808307037091799
1211,0.007547268396216641
1212,0.0014717235113925478
1214,0.001989584847284386
1216,0.0016744461014761868
1217,0.0013939269233346117
1218,0.003842820462713832
1219,0.0020521118166722664
1220,0.0031791786607319014
1221,0.00274750690038238
1222,0.002164486095080645
1224,0.001458058460501991
1225,0.002936607607674918
1226,0.0018817485751895329
1227,0.004474100009848599
1228,0.005557284436929298
1229,0.0027034389937112676
1231,0.00320974980593994
1232,0.002466069400792691
1233,0.002311217775183715
1234,0.0037561477049579263
1235,0.00364872091688292
1236,0.0017251792788756045
1237,0.003503971513216847
1238,0.0019337918979498098
1239,0.001635537922026963
1240,0.002025111549470893
1241,0.0020100752945219585
1242,0.005167070857933542
1243,0.0037536711407416936
1245,0.004441387630145378
1246,0.0069435672348208384
1247,0.002550641011907367
1248,0.002338272683588634
1249,0.001579566711456778
1250,0.0023638689289328728
1251,0.0027547782621425683
1252,0.00136219389079305
1253,0.0015676109892555164
1254,0.001524671148741802
1256,0.0032569418298016998
1257,0.006488741933766649
1258,0.00251569246875591
1259,0.001211111199606934
1260,0.0025327236625936967
1261,0.003937357228689855
1263,0.0024967713212949243
1264,0.004250477645891323
1265,0.0015730653866975464
1266,0.0032968015720985554
1267,0.0026476854239185156
1268,0.006077673492848409
1269,0.0024638517959843253
1270,0.0018746818837895385
1271,0.0011934468379313926
1272,0.00483767495698936
1273,0.0022483549191166137
1274,0.0031465709898572457
1275,0.00321656722404432
1276,0.004117772703118509
1277,0.004497755384157481
1278,0.003071297607429557
1279,0.0029611573764443027
1280,0.006087294404497016
1281,0.004252680147105579
1282,0.0029662074825362334
1283,0.004067059165592227
1284,0.002941964515978767
1285,0.002104456533421354
1286,0.0019984087849399482
1287,0.002212104539513587
1288,0.0016409958766778329
1290,0.0025146903012664814
1291,0.001963408394559692
1292,0.0028883527151855938
1293,0.004702206281406571
1296,0.002264305575658876
1298,0.0009670113719755996
1299,0.0010006890528891793
1301,0.006811086839816072
1304,0.0044191541407683855
1305,0.005750593324347086
1306,0.0020048274407191546
1307,0.0029370521302834397
1308,0.002107353877587826
1309,0.00276897604418695
1310,0.0036122939606101166
1311,0.000936080437960607
1313,0.001527823607033041
1314,0.006666485146912715
1317,0.0021530572885731783
1318,0.002525645821778547
1319,0.002455317715653551
1320,0.0037912211224908248
1321,0.00331547892982668
1322,0.001788918802757025
1323,0.00414937147959503
1324,0.002806101904801001
1325,0.002696606615681297
1326,0.002726876330034561
1328,0.003912327361993392
1329,0.0067827779303651576
1330,0.003496545880417813
1331,0.002741587380383195
1332,0.0036331837151114595
1333,0.0025978042889959712
1334,0.0041008387716480015
1335,0.0035536500232807903
1336,0.0020755628358446335
1337,0.0034951709135971135
1338,0.00701154137397421
1339,0.0028083001193848853
1340,0.0023018591762378506
1341,0.0012003700838611234
1343,0.0031655755463299087
1344,0.005154252324541168
1345,0.004445040295960181
1346,0.0016457647755016807
1347,0.0016397424806055107
1348,0.0041169099947058465
1349,0.004373574088606698
1350,0.005205927373764611
1351,0.002397284993421001
1352,0.002024665190870306
1353,0.0034842400737188275
1354,0.002296167335091856
1356,0.0047756222751451196
1357,0.0017982854138597001
1358,0.001497917995347713
1359,0.0019814761797687366
1360,0.001856375042278191
1361,0.0032003591700445018
1362,0.00271830108354238
1363,0.002013661351333988
1364,0.0030532993548455004
1365,0.0030275405623892446
1366,0.0010245378369583987
1368,0.0022146482748542345
1369,0.0021732977870659222
1371,0.004858190971724477
1372,0.0027098139958340543
1373,0.0023955165131959
1374,0.0030121643514859553
1375,0.0023767758741574337
1376,0.00568259013226984
1378,0.002185492349040697
1379,0.002379128537074256
1380,0.0017847928596320436
1381,0.0018550089909838375
1382,0.0018887691336473824
1383,0.002206895783322003
1384,0.0019929961595430558
1385,0.002214698421468423
1386,0.007585043184995497
1387,0.00385016234276057
1388,0.0041503675241513155
1389,0.002700331459359255
1390,0.006786686054943646
1391,0.0016552835809809322
1392,0.001869441708283785
1393,0.0044169561769268366
1394,0.0018359335329689276
1395,0.0026841315744049288
1396,0.0033076780950582955
1397,0.0034020978470697552
1398,0.00175691983954372
1399,0.002029246012058999
1400,0.006054640271881086
1401,0.002349251410357612
1402,0.0016464339809867067
1403,0.005607169579437739
1404,0.0019504824284347375
1405,0.0036412654138573116
1406,0.001825658998107257
1407,0.003949448245224382
1408,0.0020146195667544143
1409,0.0028577018037949306
1410,0.001725266493835919
1411,0.0017011378942453624
1412,0.00493481074001512
1414,0.0023854922883708523
1415,0.002403811755834527
1416,0.0035729485417875075
1417,0.002896962401872456
1418,0.003815094853223919
1419,0.0017756715030506902
1420,0.0018718163350418132
1421,0.0014683604800344629
1422,0.0021462200304231288
1423,0.0034606704059742554
1424,0.0038946587972152236
1425,0.003043154086364879
1426,0.0021405854710540764
1427,0.002062339033073549
1428,0.00486656359894161
1429,0.004379030064504553
1431,0.004609476540852634
1433,0.004084308891677757
1434,0.002842066644569864
1435,0.00559542156906114
1436,0.0029432339642892517
1437,0.004273795971289547
1438,0.003924250241722347
1439,0.0029864153994169883
1440,0.0010641125302972812
1441,0.0019203429949092201
1442,0.001410766056183085
1443,0.002836485400649645
1444,0.00576922414812413
1447,0.0019935397374617266
1448,0.006345623233268794
1449,0.004497033925023966
1450,0.0030995562354474457
1451,0.0026278879315462553
1452,0.0031519748721319813
1453,0.002701922027791761
1454,0.003956740850637254
1455,0.004435675811142429
1456,0.002247409383335479
1457,0.002133857188745628
1458,0.006676503036467944
1459,0.0016654583679157065
1460,0.002611344421648074
1461,0.0031904635888746636
1462,0.0058851034688603195
1463,0.002358777841546825
1464,0.002117314417318004
