,pi_i
1102,0.004037283246418185
1103,0.0038945849571583803
1104,0.005882393136806691
1105,0.0018665434782732823
1106,0.0014935423663002643
1107,0.0029353584895960424
1108,0.0009848746301000936
1110,0.002698277993399982
1111,0.0023626984123082577
1112,0.006467977453765716
1113,0.004208577459628864
1114,0.0024893395968865273
1115,0.0010751215753530446
1116,0.004495336760755094
1117,0.002491169099271028
1119,0.0010688336137969828
1120,0.0029512982004814906
1122,0.002832803590593636
1123,0.00322263248351394
1124,0.0019722002350256894
1125,0.002257041109613158
1126,0.0016430182067772837
1127,0.0025383170203310533
1128,0.002390797098156934
1129,0.002404006663784279
1130,0.004782136711008422
1131,0.003786918469455789
1132,0.003009294387792813
1133,0.0030159012932511504
1135,0.0021639769863700574
1137,0.003849087179608388
1138,0.004185330981229157
1139,0.002654067495313083
1140,0.0025294638429821876
1141,0.0017771589398573712
1142,0.001358841360567132
1143,0.0027192316661768454
1144,0.00107076392095432
1145,0.00208466606750411
1147,0.0012604320597735294
1148,0.0021213652419964247
1149,0.0016778819401842714
1150,0.004083598843580783
1151,0.0025443924874776315
1152,0.002237046768666217
1153,0.005947400917922667
1154,0.001244025849624177
1155,0.004589549032846961
1156,0.0019340012801244096
1157,0.0016387922341146903
1158,0.0025646866265884197
1159,0.0020160820166728456
1160,0.0032098259526864587
1161,0.00255958122845885
1162,0.0020487974689979717
1163,0.0061466158355143125
1164,0.002173656732396791
1165,0.002166481835487206
1166,0.005018390732620676
1168,0.0031488940404619894
1169,0.00378144597253101
1170,0.001537171078234955
1171,0.0017403114761218594
1172,0.0026686669777375477
1173,0.0031567361166420288
1174,0.002441801852398402
1175,0.00276596283225217
1176,0.003633767390314439
1177,0.003892660854254118
1178,0.0031950676010059935
1179,0.0029207233869621143
1180,0.0034378011168509294
1181,0.008317917736482912
1182,0.002127701604035692
1183,0.0019979984781986625
1184,0.0027557749967577847
1185,0.0025344503243585445
1186,0.0018325159460772847
1187,0.0021221556221001268
1189,0.001839519259605737
1190,0.00167646833573288
1191,0.0026564659208819373
1192,0.0028292484016608685
1193,0.0029710369167238833
1194,0.0018896412899332788
1196,0.006895316891111755
1197,0.0016500773381038225
1198,0.0023227945450395786
1199,0.0037398088025571074
1200,0.0026181707568623696
1201,0.0026139205014819107
1202,0.0021006029372910968
1203,0.004884133541613453
1204,0.0025289540049801755
1205,0.002326635120004208
1206,0.0031054119016778797
1207,0.00378249375249553
1208,0.0021604318102675297
1209,0.002119154598651817
1210,0.006070150629365727
1211,0.005492873043108046
1212,0.0012037522577612219
1214,0.0023102837159042684
1216,0.0014895336364971737
1217,0.002253797410057365
1218,0.0029140566581215555
1219,0.0022084085540452583
1220,0.0036735294874421834
1221,0.004364962355263182
1222,0.0035644329914923598
1224,0.0012910915146793428
1225,0.0022164623911601457
1226,0.0013077145774746494
1227,0.0027683018152303797
1228,0.009818042335579452
1229,0.003150888783190478
1231,0.003924577909735516
1232,0.002912624558095849
1233,0.002978517003964188
1234,0.0055652453527924575
1235,0.004397804747717724
1236,0.0017296706117177108
1237,0.00280313681368503
1238,0.0015209681416987811
1239,0.001517809904753398
1240,0.001624251195510208
1241,0.0015039718190362106
1242,0.006568286006724329
1243,0.0036166228682528935
1245,0.003975973715091517
1246,0.006713246592304257
1247,0.0023776719162488676
1248,0.001703807519405922
1249,0.0024141759754237138
1250,0.0024420123219545307
1251,0.0015607408374487544
1252,0.0015684153156259402
1253,0.0022133632928522
1254,0.001789510970917859
1255,0.001152874780407588
1256,0.0027755139758383206
1257,0.00744406955578444
1258,0.0027379784612166927
1259,0.0015719253468431261
1260,0.00275397113425402
1261,0.004393456399084435
1263,0.002450260064084209
1264,0.0028220424995081227
1265,0.002176637226080232
1266,0.0033489428821236065
1267,0.0024072302106012073
1268,0.004680925582367735
1269,0.0025590741026615617
1270,0.0018380431553235283
1271,0.0006289528489723092
1272,0.004574368457569392
1273,0.0018205368771107068
1274,0.0038975554091049435
1275,0.004059288981446961
1276,0.0032098872158763643
1277,0.0063171292380359316
1278,0.004752006733370836
1279,0.003431468530861535
1280,0.005045364369024272
1281,0.0038153370347235446
1282,0.0025252080637695323
1283,0.0044436993365141765
1284,0.0023514485264750705
1285,0.002401974806825324
1286,0.001851000781133209
1287,0.0013034770656020571
1288,0.0018303710598716184
1290,0.0018697273270383151
1291,0.0014943105282778704
1292,0.003267939139888914
1293,0.0028618450239643474
1294,0.0014089981620706892
1296,0.0031286383428878674
1298,0.0016837878335126532
1299,0.0015056935082089459
1301,0.005993932574631762
1304,0.003711322138906457
1305,0.0038782996384106845
1306,0.0019007808803090866
1307,0.004795859422588702
1308,0.0017702687669326421
1309,0.002510453401174019
1310,0.0037318899528215057
1311,0.0011527248837291126
1313,0.0018710787813614254
1314,0.010526145429038755
1317,0.00200209724013031
1318,0.0035649237984411064
1319,0.0020515426095699054
1320,0.004627801880306886
1321,0.0031916115766559964
1322,0.002813872787988596
1323,0.0039021484446190653
1324,0.002775906783030648
1325,0.004029730857469181
1326,0.005189783434191499
1328,0.006856873515189821
1329,0.007195036782297148
1330,0.00447516826464621
1331,0.004641042102244075
1332,0.00313873469191082
1333,0.003313743162720761
1334,0.004605674302150977
1335,0.003912839830532412
1336,0.002247252497262316
1337,0.0032729780971965635
1338,0.004936124030592985
1339,0.003022130054546861
1340,0.0021421473974856426
1341,0.0009036431690276624
1343,0.0030707123404010903
1344,0.003981225521615926
1345,0.0029627538344379777
1346,0.0015767048967639012
1347,0.001589320196634634
1348,0.0020862814651592147
1349,0.003291674152306777
1350,0.0029410948368760615
1351,0.00302803089214786
1352,0.001912179770176844
1353,0.0028224022037312345
1354,0.00290208051789411
1356,0.005317847049965543
1357,0.0014282743549381242
1358,0.002568293358811272
1359,0.002334410801222628
1360,0.003054811061921636
1361,0.0024571808708352006
1362,0.0033949496536384723
1363,0.001777797195510816
1364,0.0024712412965594817
1365,0.0035290344009903654
1366,0.0006398544905530839
1368,0.0028880077407127933
1369,0.0024610100032622794
1371,0.002973761724741147
1372,0.0016808990551774865
1373,0.001816280989734718
1374,0.002704197127877441
1375,0.001882999622108356
1376,0.0041536135495810365
1378,0.003141066282810277
1379,0.0018092359861801952
1380,0.0013904897415335838
1381,0.001843955460961285
1382,0.0012619794824710597
1383,0.0021876042320577325
1384,0.001991626590625872
1385,0.0030004313343390755
1386,0.004098363000040695
1387,0.0027395290761829992
1388,0.004238055899892321
1389,0.002790794497168114
1390,0.004280233574281961
1391,0.0015131163779028498
1392,0.0021551641778873995
1393,0.00635693449941443
1394,0.002370879473364587
1395,0.0035058451511997884
1396,0.00385792947617846
1397,0.003930467030139775
1398,0.002591286354163986
1399,0.00256803343303733
1400,0.005274726887747443
1401,0.004266379749988048
1402,0.0016816926411083672
1403,0.005171003795975304
1404,0.0013319203221986943
1405,0.003501348094840281
1406,0.00178255625640162
1407,0.0018485138445941923
1408,0.0017616925712706298
1409,0.0024618703716055568
1410,0.001497980417228977
1411,0.0012806997597872081
1412,0.004732710275529787
1413,0.0018097686875470575
1414,0.0025476305753653907
1415,0.001864105513726331
1416,0.002468444938073632
1417,0.003891402342597746
1418,0.003789018365555479
1419,0.0013521872649302261
1420,0.0019068717095597897
1421,0.0016981105107045354
1422,0.0019476410664713514
1423,0.0029625725539976226
1424,0.0032614653737924864
1425,0.003087589760584928
1426,0.001641962580899502
1427,0.0022189960378593988
1428,0.005190911121171314
1429,0.005906497561913497
1430,0.001976629402263652
1431,0.004478466528772598
1433,0.00371082575373057
1434,0.00268991255213347
1435,0.004882278001115802
1436,0.004996593660490169
1437,0.00596260622090425
1438,0.003531085141154138
1439,0.003299768680432823
1440,0.0012443918160433204
1441,0.0014749337646937691
1442,0.002138676130842488
1443,0.0034942767980545492
1444,0.0042707624309892426
1447,0.002230314861368352
1448,0.0077086773089114925
1449,0.006908225405793693
1450,0.0036328731076133275
1451,0.002183484229910389
1452,0.00470632749608078
1453,0.002447324396936246
1454,0.004139952290333412
1455,0.004279577658821612
1456,0.001652077869646888
1457,0.003240315264728719
1458,0.005585393846169881
1459,0.0018809055427070713
1460,0.0029328114869995215
1461,0.003036166489803745
1462,0.003850027412044519
1463,0.002376858373002018
1464,0.0012747684142439433
