,pi_i
1102,0.004170383750209952
1103,0.0037679204361883894
1104,0.003911195753893363
1105,0.001726537842351581
1106,0.0019079949140842958
1107,0.0033280702460098594
1108,0.0016186073039660188
1110,0.002071805769033585
1111,0.002166746997417023
1112,0.005067280154304237
1113,0.0026671785257774434
1114,0.0022201477854604384
1115,0.001758568958971919
1116,0.0054061637276989006
1117,0.002222755179594726
1119,0.0011214064826351624
1120,0.0029843302683162615
1122,0.0025473780365233064
1123,0.0022142696704181117
1124,0.001557354912704131
1125,0.0031624795359280664
1126,0.0018001980227779532
1127,0.002448278640552425
1128,0.0022469522061529064
1129,0.00286714854109531
1130,0.005844767020043731
1131,0.0025270063808680884
1132,0.001991804434094231
1133,0.005137416315846256
1135,0.0016678069550642668
1137,0.004293174299606259
1138,0.0031321473179690643
1139,0.004343237627605012
1140,0.0033180409476422914
1141,0.0014772005686088353
1142,0.0019306885770675952
1143,0.004374611808097884
1144,0.0017604700726935657
1145,0.0023328977811270164
1147,0.0013065843608404573
1148,0.0027993491971537907
1149,0.0017549609479500091
1150,0.003640664820844758
1151,0.002076374572203576
1152,0.002424375204899078
1153,0.004567733547196018
1154,0.0010713224547453163
1155,0.0043783205008913655
1156,0.0017618828027042431
1157,0.0023704402039373598
1158,0.002377085515859051
1159,0.0018128844578359988
1160,0.00416863663181271
1161,0.0031141274153834103
1162,0.0016207192136670516
1163,0.007132222387944434
1164,0.0021321330019893974
1165,0.0020703191032199245
1166,0.004303127461213697
1168,0.002620674350400369
1169,0.0018047597443672007
1170,0.0028276390399185596
1171,0.0016187072827538328
1172,0.0030962727137570346
1173,0.0031825130359417423
1174,0.0024173227623015686
1175,0.00293206964384493
1176,0.002925126236747315
1177,0.003245396529745959
1178,0.002690266120190487
1179,0.002959482273704076
1180,0.0037955923248459917
1181,0.009077321606337384
1182,0.0015027927151118165
1183,0.001463482286672802
1184,0.0019874227733317094
1185,0.0018436303570381798
1186,0.002822663601231847
1187,0.0018453948920531052
1189,0.001986046468784245
1190,0.002324533584117425
1191,0.0024968090911127866
1192,0.0027785684985853214
1193,0.0021682986112264704
1194,0.0021002602378492816
1196,0.007130637515182502
1197,0.0017422426393940175
1198,0.0017673487341419677
1199,0.004771725311705699
1200,0.0034295047467713616
1201,0.0029629964420052283
1202,0.0019667992362501544
1203,0.0045653635246618906
1204,0.0025046309124462673
1205,0.0022941511052660783
1206,0.005143700890954604
1207,0.005480778102167882
1208,0.003355804969193106
1209,0.002156128546874122
1210,0.0034589571064024584
1211,0.004770578969886635
1212,0.0014878543979816544
1214,0.002128738929079185
1216,0.0021126530914712485
1217,0.0020735011673530847
1218,0.0033673315977322637
1219,0.00226582514280075
1220,0.0042876338846081
1221,0.0034752182039628292
1222,0.003957930746212042
1224,0.0015659774740351695
1225,0.0017397940928933363
1226,0.0021835221919727726
1227,0.00286213117969103
1228,0.006427974522416112
1229,0.0024691081560446492
1231,0.004723078178018587
1232,0.002573915931073188
1233,0.004535874583443886
1234,0.005946711577905831
1235,0.003799317441930749
1236,0.0017785022694305137
1237,0.0025382112071158426
1238,0.002117113753373594
1239,0.0011779517668689976
1240,0.002156003757492238
1241,0.0014419412451703259
1242,0.006681099248613612
1243,0.0037806228924760483
1244,0.0014983087561629492
1245,0.004444803263292559
1246,0.005101807764188222
1247,0.0033503985111615108
1248,0.0015251639897689761
1249,0.00230637211238464
1250,0.002458605211906891
1251,0.0012913933352094163
1252,0.0030340620345054555
1253,0.0028681594847305286
1254,0.0017668347928704933
1255,0.0015230695525543872
1256,0.003986142347247151
1257,0.004402090352892871
1258,0.003043072435046576
1259,0.00246676520405658
1260,0.0028751844860977586
1261,0.005913125984680305
1263,0.001567655931476716
1264,0.0030634226901584166
1265,0.003528726019980757
1266,0.004616173265422482
1267,0.002175671729788652
1268,0.004434089301179989
1269,0.0033493797609978095
1270,0.0020670024324142885
1271,0.001301181996485603
1272,0.007131588061543456
1273,0.0013500295018224332
1274,0.004561940228584948
1275,0.0033281351400600927
1276,0.004315565389329859
1277,0.005388399095271382
1278,0.0036809441378646366
1279,0.0027588251599509972
1280,0.003203755931887465
1281,0.0025895066855209595
1282,0.0017845218382807932
1283,0.005047193084906494
1284,0.0030403064606986875
1285,0.003554621300614411
1286,0.002111003664957653
1287,0.0010656179870460714
1288,0.0009093449553726582
1290,0.0013496171202022405
1291,0.0022055651201693875
1292,0.0026138303270251957
1293,0.0036024421657107264
1294,0.0015038978394951866
1295,0.002408871870665561
1296,0.0029691336694081987
1298,0.0014499216934994086
1299,0.001422925057833316
1301,0.005177857805042536
1304,0.0034734334327727245
1305,0.005123812533025914
1306,0.0019547208668402637
1307,0.0032599636622402724
1308,0.0031856402392554783
1309,0.0020817752294668666
1310,0.0025440601449925413
1311,0.0013492979630909945
1313,0.0020402162937083806
1314,0.006358013879439914
1316,0.0012640089752689286
1317,0.002058177075837351
1318,0.003483308953754462
1319,0.002757804331414982
1320,0.005123889217807272
1321,0.003205085411406813
1322,0.0038824481002162265
1323,0.004492679269512699
1324,0.0018466369037808295
1325,0.003272694336234236
1326,0.00604762448211118
1328,0.004377868029903105
1329,0.004621525993953916
1330,0.004063118888641306
1331,0.003708788179012174
1332,0.0042235583202096865
1333,0.0029085356816402467
1334,0.004038257482986846
1335,0.0033552623097140868
1336,0.003125224574785855
1337,0.002161449274248742
1338,0.006161804125429594
1339,0.0022270695464023356
1340,0.002468763856407283
1341,0.0009471017309236596
1343,0.0018694966334275869
1344,0.0033359551592805465
1345,0.002624469696632882
1346,0.0019674965360963644
1347,0.0021439754074069114
1348,0.002581604456044601
1349,0.002005075704675261
1350,0.002154916888522739
1351,0.0021725656293533225
1352,0.0020750653436145514
1353,0.003820805594032302
1354,0.001955425259562364
1355,0.0016319543939249536
1356,0.0048964788660282674
1357,0.002191786808172319
1358,0.002507968837133216
1359,0.0028640202695603637
1360,0.0034199524515304614
1361,0.004277808865921345
1362,0.002579352011851661
1363,0.0025584542702707523
1364,0.002563309041099773
1365,0.0024981672711602066
1366,0.0006313437394073386
1368,0.00218268198495229
1369,0.0014174541558233424
1371,0.003713895275204924
1372,0.0024152186549412516
1373,0.0030477290422067545
1374,0.00247801106306557
1375,0.00385991253549602
1376,0.004951796643287571
1378,0.0026666277107116098
1379,0.0017557037646482702
1380,0.0027371598724058367
1381,0.002160738045616017
1382,0.001964747261693333
1383,0.0019381149629586203
1384,0.0013452646278330892
1385,0.0030088812112419637
1386,0.004910169270557008
1387,0.0032533107076014047
1388,0.003128905113998824
1389,0.003166215370069107
1390,0.003519769101044192
1391,0.0022158395094549026
1392,0.0016528537702178614
1393,0.004953255719245491
1394,0.002931651554248164
1395,0.0020845280622536896
1396,0.004283092071964695
1397,0.005180429388725352
1398,0.0023059282889178892
1399,0.0024118604427751785
1400,0.007852478222401496
1401,0.004494106163784279
1402,0.0012434271801420877
1403,0.0034677603907377398
1404,0.0019553240075930027
1405,0.0034175517623466485
1406,0.002021302578001446
1407,0.002503282742954181
1408,0.0021129979712168085
1409,0.0021609129966109063
1410,0.0013017009288650307
1411,0.0013179538191328201
1412,0.004451938861601211
1413,0.0016284736894593252
1414,0.002830060251261244
1415,0.0014135073576385846
1416,0.00230319745783743
1417,0.00623084731408513
1418,0.0030308009650461204
1419,0.0015816481442160273
1420,0.0020726535082540337
1421,0.0015264330550141087
1422,0.0018872612183155784
1423,0.005165819169287693
1424,0.0036610030642156887
1425,0.003383253873482191
1426,0.0023910599854037808
1427,0.0020864376722981195
1428,0.00279671896770631
1429,0.00425301908282678
1430,0.002112868494342003
1431,0.0034940918409499975
1433,0.0034282852156372304
1434,0.0028395025548991065
1435,0.003973587603539096
1436,0.002674512014994031
1437,0.006825130634704968
1438,0.003800986957300081
1439,0.004149968274719971
1440,0.0012283472732994378
1441,0.0019488909486613944
1442,0.0015614998160353372
1443,0.0038745129849413963
1444,0.0021441479767070623
1447,0.0020842693791301246
1448,0.004395405433951782
1449,0.005374615634336859
1450,0.003429763847373329
1451,0.0018550085402290824
1452,0.005113272597970788
1453,0.0024451976485988848
1454,0.0040210888718399925
1455,0.004923440058745057
1456,0.0021618076370220236
1457,0.004152287584498547
1458,0.004992310422545052
1459,0.001978660054997191
1460,0.002473435568396607
1461,0.0029759573168866298
1462,0.0045475186336222445
1463,0.002145095410886317
1464,0.002039140975634044
