,pi_i
1102,0.004870763187177811
1103,0.005220206990899817
1104,0.0042003365177843656
1105,0.000915163812175868
1106,0.001302579207383487
1107,0.003210006301364392
1108,0.0010481141000485107
1110,0.00273878250773351
1111,0.0039128799975432305
1112,0.005229894301125965
1113,0.0027430707150733168
1114,0.00187408961429944
1115,0.0014261732679600615
1116,0.005378447575290276
1117,0.002358465104856797
1119,0.0019210806737042037
1120,0.003359975309385815
1122,0.0025438461557402295
1123,0.002408512151833367
1124,0.0031923184014263544
1125,0.0032797396513097837
1126,0.0010547654620200893
1127,0.0020482278374475953
1129,0.003355413022226511
1130,0.004733780023936271
1131,0.0023499164198689947
1132,0.002119004387462388
1133,0.004679796456843518
1135,0.002160320806085246
1137,0.0036802350457265614
1138,0.0024101538061936127
1139,0.0052410365947148105
1140,0.004856909889276669
1141,0.002299877749858224
1142,0.002488764878620387
1143,0.004147303939818258
1144,0.0017594408412337549
1145,0.0020544358815518765
1146,0.0015699878666351965
1147,0.001931557875809908
1148,0.002599381977576113
1149,0.0013713884134854044
1150,0.00258229604258312
1151,0.00220184431766885
1152,0.0022668704525795327
1153,0.0027411370699347826
1154,0.0013298236247429732
1155,0.005211250620041538
1156,0.002015755138871018
1157,0.0019306185771060394
1158,0.003454707269417682
1159,0.0016736971088030586
1160,0.0017383223814801923
1161,0.002953253463021259
1162,0.0018792606303524974
1163,0.004220262634793654
1164,0.0016740694892614304
1165,0.0021385102092821126
1166,0.005454256743510911
1168,0.002491325254652294
1169,0.0020897197806290634
1170,0.0014460593814763676
1171,0.0013765857540821752
1172,0.004570217523908734
1173,0.003039306492783249
1174,0.0017318653981824616
1175,0.0025827105280965454
1176,0.0011681792155203042
1177,0.004209364447568441
1178,0.0027078756997804343
1179,0.00327192680371107
1180,0.0041581785091381294
1181,0.006068627243847333
1182,0.0020765560546567685
1183,0.0015406914640327823
1184,0.002486051693666514
1185,0.0021939388081627783
1186,0.002260851015579922
1187,0.001500367992793087
1189,0.0016660582804127692
1190,0.0026584288647729633
1191,0.0036598984141270837
1192,0.0019155183099415852
1193,0.0024366016610789716
1194,0.0019318292912718351
1196,0.008284290567841749
1197,0.0020226921586491914
1198,0.0015449185354611617
1199,0.00506634028073814
1200,0.0028122050982039653
1201,0.0035479964805205243
1202,0.0024343672832656304
1203,0.003626363385482453
1204,0.0023094158340310573
1205,0.001536309017021003
1206,0.003902611466993378
1207,0.00664900832631965
1208,0.004458360709905636
1209,0.0019392408787010837
1210,0.005598848630148937
1211,0.005295055656549753
1212,0.0010007346361772932
1214,0.002015942285905361
1216,0.0021667763166645514
1217,0.0017565331529469307
1218,0.004000116489191129
1219,0.0026116046309386408
1220,0.003451814099418968
1221,0.003837192706431066
1222,0.0037459320105685465
1224,0.0013815101510558645
1225,0.0016184328078137908
1226,0.0027144715079071356
1227,0.0029090848556960554
1228,0.005144463608544659
1229,0.003541440982162162
1231,0.005440026945190147
1232,0.0029737963234707974
1233,0.0014600020938259346
1234,0.003865708397559264
1235,0.0028273966317845438
1236,0.0016320732506955888
1237,0.002226572504384965
1238,0.002042171888331216
1239,0.0017553556007981854
1240,0.0015484960541775011
1241,0.0017289781441537009
1242,0.008095648146354087
1243,0.004864207998242433
1244,0.001864900507550228
1245,0.004041814453335964
1246,0.005684081781968795
1247,0.0019087651971418918
1248,0.0014022965506738344
1249,0.002107343677074309
1250,0.0020731621944119864
1251,0.002133994287237587
1252,0.0024905047933025076
1253,0.003458244240418265
1254,0.0014672249460723373
1255,0.0013729119797540768
1256,0.002412329739384937
1257,0.0048956572408763825
1258,0.002156329975970985
1259,0.002672952233012711
1260,0.0035011368694593836
1261,0.004574804621860807
1263,0.0018379651803097578
1264,0.0020059000174577116
1265,0.003334731896166131
1266,0.004994527098408603
1267,0.002624870760026712
1268,0.006281111928619882
1269,0.004420701484073961
1270,0.0018207596893986754
1271,0.001020337687608009
1272,0.007231161391582872
1273,0.0014857843906586647
1274,0.0034637059757994136
1275,0.0037528639184902005
1276,0.004349240215808131
1277,0.005624978153969733
1278,0.002573700879502117
1279,0.004380462307032123
1280,0.0051802000992204516
1281,0.004008777738874039
1282,0.0021014088605052416
1283,0.00531097702120685
1284,0.001987754032206275
1285,0.0023827485809151776
1286,0.0016318972894613147
1287,0.0017041050665730208
1288,0.0017532035754013382
1290,0.0019486492080685771
1291,0.002158922735941039
1292,0.0023092416138458366
1293,0.0020232870194886858
1294,0.0013023799233422828
1295,0.0028412800798649695
1296,0.0020378299975092173
1298,0.0019214766850564515
1299,0.0018967079023938086
1301,0.004018682523646485
1304,0.003357428693875626
1305,0.004953798119793566
1306,0.0017279423189112742
1307,0.002975005853375322
1308,0.003828649466161352
1309,0.002042704773950867
1310,0.002699917324919637
1311,0.0016478001358227051
1312,0.0010788175393597662
1313,0.0013335479604714108
1314,0.009969743817786047
1316,0.0009740079180132528
1317,0.0026292708273955292
1318,0.002547469391531682
1319,0.0024416586632589232
1320,0.004101827605491682
1321,0.002655956329853527
1322,0.0027173022097863302
1323,0.005765875024422899
1324,0.003191998256920821
1325,0.0033591113205090756
1326,0.007351189565488263
1328,0.004244195061785557
1329,0.004278212730453787
1330,0.0045714571431254404
1331,0.004068922153061779
1332,0.005938628143159295
1333,0.0023665138461170243
1334,0.002352870986833132
1335,0.0031776030120248197
1336,0.0027338481360578036
1337,0.002191379324706392
1338,0.006150325001800474
1339,0.0019229652173687762
1340,0.0024583367233923454
1341,0.0009713415409864496
1343,0.0018079743695808813
1344,0.0037970506809904465
1345,0.004997799724493198
1346,0.001861181991622883
1347,0.001682609274755499
1348,0.0029343731689213753
1349,0.0023734217073358424
1350,0.0018674344908213803
1351,0.002023111175557356
1352,0.002079075559242992
1353,0.0019278505861682305
1354,0.0017179221080422622
1355,0.0014096776299010404
1356,0.005664081035509478
1357,0.0026661591585411125
1358,0.002870330562183984
1359,0.0022998389478213056
1360,0.0027070695011908305
1361,0.0034818269918962686
1362,0.0027306811599506152
1363,0.002147690013244485
1364,0.0026428757514687378
1365,0.0036623242592388416
1366,0.0011783503363292707
1368,0.0019797890094280677
1369,0.0015453585041576496
1371,0.00284964555917187
1372,0.0020145046155916543
1373,0.0029944365432675183
1374,0.0024144493227918466
1375,0.00259766102982284
1376,0.003017716780183352
1378,0.0025782879723986363
1379,0.002703594501583988
1380,0.0014051568504656797
1381,0.00236483368802611
1382,0.001491132436705259
1383,0.0018173846925337472
1384,0.0014302110989445503
1385,0.002726827479647883
1386,0.003516396735651701
1387,0.0033913964460853033
1388,0.0031721267217093745
1389,0.0015501545844154767
1390,0.004099059435323254
1391,0.0015620111530011628
1392,0.0018056467376960947
1393,0.004818260293009455
1394,0.003472079716173297
1395,0.0022262505727783607
1396,0.003040936360210436
1397,0.005188898321719799
1398,0.0018179089521720246
1399,0.0026742579362224513
1400,0.005899401967139159
1401,0.006990090124141853
1402,0.0011756719894385173
1403,0.004303770951799837
1404,0.001530063804700411
1405,0.003452463500386689
1406,0.0029493488789906212
1407,0.0020321689480984014
1408,0.0025668840491445463
1409,0.003063919178421142
1410,0.001595830596633265
1411,0.0011842608202161195
1412,0.0033294583176621388
1413,0.0013502666023082434
1414,0.002797757493843406
1415,0.001489659772656189
1416,0.0030723810546408703
1417,0.006491951328903527
1418,0.0017808417250282141
1419,0.0018402043969783456
1420,0.0020021968013312847
1421,0.0019471362746911794
1422,0.002645938986097023
1423,0.002092596332177995
1424,0.004926145143679424
1425,0.0050189629109936885
1426,0.001686999635578304
1427,0.0012357462092835619
1428,0.002814178946249514
1429,0.004046375780613764
1430,0.003061124022795234
1431,0.003044707564125119
1433,0.004869962628921397
1434,0.0027934674697797784
1435,0.004195040861233776
1436,0.0033913034216287337
1437,0.005487672527639477
1438,0.004422957710463339
1439,0.005418718225830644
1440,0.0020928095533067656
1441,0.0019233277750775359
1442,0.0013995866915770393
1443,0.0034562509342769086
1444,0.003232670015247523
1445,0.0010727077669924368
1447,0.0016325275487735714
1448,0.0032749269807490935
1449,0.004198918661741544
1450,0.005327665195945754
1451,0.002327993947373177
1452,0.004582017957848656
1453,0.002976455596686197
1454,0.0023358556215662706
1455,0.004188761072152019
1456,0.0023999056284320576
1457,0.00483325110177336
1458,0.00689688635096269
1459,0.0018606131504180765
1460,0.0035199832101059586
1461,0.0029713323879383305
1462,0.0052975655318337825
1463,0.002167485891469835
1464,0.0023820569738400472
