,pi_i
1102,0.0025127906985992626
1103,0.0041231214610929785
1104,0.003738775231863388
1105,0.0012146007638425425
1106,0.001980731826650054
1107,0.0024855097107176045
1108,0.0010057603484821978
1110,0.002929984783919893
1111,0.002848340912542428
1112,0.00538862969758109
1113,0.004228623196755454
1114,0.002174970198161279
1115,0.001341693499935236
1116,0.004758956143472002
1117,0.0017527690599129246
1119,0.0019023489809700993
1120,0.002637668688781179
1122,0.0030742776999582067
1123,0.002141109655350352
1124,0.004418214012453572
1125,0.0031760168207972
1126,0.001424716674110937
1127,0.002129735728000014
1129,0.0032301064482411846
1130,0.003174384908283983
1131,0.0022280976853770555
1132,0.0022536860025917167
1133,0.003631563152702088
1135,0.0026159628204335166
1137,0.002249015962834502
1138,0.0022101225282828004
1139,0.005290062151367672
1140,0.005362739858202063
1141,0.0024958278189020806
1142,0.0018166483482876204
1143,0.004042823695024853
1144,0.001657995152945472
1145,0.0014858422463362424
1146,0.0015450879041358605
1147,0.0018315567688646332
1148,0.00228605472576746
1149,0.0012671316912892677
1150,0.004085563667687917
1151,0.00241880769167522
1152,0.0015711503648994658
1153,0.003267650791612973
1154,0.0010532856112333347
1155,0.005986895814990631
1156,0.0034665464918832013
1157,0.0015237598014065097
1158,0.002792870727251051
1159,0.0024671371859203094
1160,0.003096787255851397
1161,0.0019147039822004007
1162,0.0018107401696219262
1163,0.005478531412628941
1164,0.0018448255403944861
1165,0.002725240157671763
1166,0.004146647286047119
1167,0.0013720577107548483
1168,0.003850248665928838
1169,0.003007453426738018
1170,0.0010743063214190185
1171,0.00133946998004144
1172,0.005512725906504263
1173,0.003993095788993412
1174,0.002363039526273214
1175,0.0017447457315024368
1176,0.0020026557703105557
1177,0.003005173337401097
1178,0.0019346013673301734
1179,0.00546636290317099
1180,0.0020544384988753807
1181,0.007890699807332056
1182,0.004019240039463109
1183,0.0013575530204041778
1184,0.0017053615560727777
1185,0.0025851679470595018
1186,0.0018378216424884321
1187,0.0016415151537340243
1189,0.002401647603116867
1190,0.0025952209205219773
1191,0.0021361762666905273
1192,0.0014411190896763879
1193,0.002289044038670684
1194,0.0022133911765922472
1195,0.0016440261052581965
1196,0.004298632762140138
1197,0.0014924043842515814
1198,0.0016570011723399665
1199,0.004381810512527401
1200,0.0024661881677273964
1201,0.0024313161628155213
1202,0.0015704173612433377
1203,0.00219868912203534
1204,0.002832528321523504
1205,0.002554488297071189
1206,0.004127725855605862
1207,0.006358307476498712
1208,0.0035671741462238696
1209,0.001966541217388667
1210,0.004518834901467504
1211,0.0056394072834988415
1212,0.0008478412539517253
1214,0.002462796535368204
1216,0.0022348933775133374
1217,0.0016989289510465268
1218,0.0019119836564342324
1219,0.0022704467043297262
1220,0.002146844936549885
1221,0.0025735386882454444
1222,0.003787694188117141
1223,0.0004454789178899335
1224,0.0011829319871020437
1225,0.0015074838151429458
1226,0.001581317348532879
1227,0.0034808897338474186
1228,0.004659299088726727
1229,0.004362353012525439
1231,0.0052690053225779845
1232,0.002856897201528555
1233,0.002316791099480035
1234,0.0029018050431809527
1235,0.0029611388756378147
1236,0.0022526547299039166
1237,0.004089799777526366
1238,0.0016232393912321483
1239,0.0022392109941950333
1240,0.0012278581485327975
1241,0.002211197245671264
1242,0.009670240367855918
1243,0.005001898025653513
1244,0.0014423745432965275
1245,0.004793789101897343
1246,0.00351257424834907
1247,0.002934753473192639
1248,0.0024004545460294753
1249,0.002317832898925559
1250,0.00188648333997932
1251,0.0023203344827744635
1252,0.0023995062475764195
1253,0.0015434512390182652
1254,0.0021477709417105275
1255,0.001215366482156545
1256,0.0012638490021353772
1257,0.006085936088943859
1258,0.0012195740513067227
1259,0.002840063941145552
1260,0.0022693234476121086
1261,0.0029552807261507314
1263,0.001314943479104085
1264,0.0020554802414324558
1265,0.002952851366738286
1266,0.006026552630525629
1267,0.002523013163219885
1268,0.004131986635947037
1269,0.0042401484302178475
1270,0.0017689175332780973
1271,0.001067878208679737
1272,0.008186089646558162
1273,0.001817073144293405
1274,0.004464391262618459
1275,0.004112820244684633
1276,0.002950455050541228
1277,0.005725780133459106
1278,0.0042730960226753595
1279,0.004270317768122677
1280,0.00465973573543614
1281,0.0043891649718309994
1282,0.0020472435100120745
1283,0.0036930456761776346
1284,0.0016096001586873656
1285,0.002344354788742512
1286,0.0020475777451664265
1287,0.001627078101302905
1288,0.0028081131825437836
1290,0.0014378538417637713
1291,0.002703484472227485
1292,0.0024154991081146763
1293,0.0022025577662396073
1294,0.001957307646820538
1295,0.00277348233005144
1296,0.0016759112346445967
1298,0.002302383824634425
1299,0.0015433056260321539
1300,0.0008951996661431397
1301,0.0031473217210091597
1304,0.0042769591847575065
1305,0.003351020023995891
1306,0.0016990619231110925
1307,0.005019602952678175
1308,0.0037427164198011497
1309,0.0024011502246100744
1310,0.002896752532921244
1311,0.0021049097377065194
1312,0.0007397386100117314
1313,0.0018326422992570696
1314,0.00893743416548377
1316,0.0010608016956311702
1317,0.002670503235147999
1318,0.0029473909235109715
1319,0.0027440304130802017
1320,0.003182634706779832
1321,0.0022057801401858756
1322,0.0017901204470626073
1323,0.005141249864794097
1324,0.0028706031987174347
1325,0.003557057561866475
1326,0.004755575781824114
1328,0.004712073386538179
1329,0.003953657793330843
1330,0.003233683713673517
1331,0.004158207456435082
1332,0.004660471155424402
1333,0.0018935522371062413
1334,0.0028944598123864006
1335,0.0015809964104951972
1336,0.002843818165348643
1337,0.0021259415166967758
1338,0.006106692053591837
1339,0.0018253311407528956
1340,0.003277530145295899
1341,0.001133388020755819
1342,0.001767562523828873
1343,0.00145404545202689
1344,0.0036037295203342396
1345,0.004927971403592276
1346,0.0020063317169542356
1347,0.001462132007805616
1348,0.004191811733644627
1349,0.0015175296896788287
1350,0.0027267338760049763
1351,0.0034379624188730735
1352,0.0031954923739312404
1353,0.002306668562038533
1354,0.00153840266632831
1355,0.0016887352974762982
1356,0.003989084780589629
1357,0.0023644203002368943
1358,0.002725510295637646
1359,0.00159962799493877
1360,0.003292999592416553
1361,0.003768129832530753
1362,0.0019964163477305336
1363,0.0019887249020668586
1364,0.003159196172613308
1365,0.0025994263290439364
1366,0.0013389107373907043
1367,0.0016081882666616376
1368,0.002038028643585227
1369,0.0015625324024900256
1371,0.00328295166015192
1372,0.0031954622841142756
1373,0.00346296306963669
1374,0.001587935457810008
1375,0.0039436563946433825
1376,0.0032884591126450488
1378,0.003198346475653949
1379,0.0030698449955785887
1380,0.0013504109762965588
1381,0.002126829766585875
1382,0.0021821235939335553
1383,0.0015304540961112985
1384,0.0013972692920130754
1385,0.0027146223352068326
1386,0.00489461934856529
1387,0.0028833139856978456
1388,0.004527385119832685
1389,0.0017737722226637046
1390,0.006164549090448723
1391,0.0018384032817943905
1392,0.0016299707279026777
1393,0.004402406285259656
1394,0.0018239396619011798
1395,0.0024976422801771345
1396,0.004371180375802071
1397,0.006465231860886345
1398,0.0022357488602612044
1399,0.0020384501721855764
1400,0.006549652725908062
1401,0.005412366905003578
1402,0.0016745191243690775
1403,0.0034834117599623405
1404,0.0021103258623114476
1405,0.0022197154538132592
1406,0.002093334792672368
1407,0.001868452402605155
1408,0.0025683261719207573
1409,0.003809449940811515
1410,0.001811443897214082
1411,0.0012785851977446484
1412,0.004069975596667742
1413,0.001467854517153631
1414,0.002957586046596359
1415,0.0016331703063909597
1416,0.003331009616099647
1417,0.007976094944700883
1418,0.0022661081277244822
1419,0.001840281499703049
1420,0.003216859088307494
1421,0.0025835304816254193
1422,0.0033796988165112774
1423,0.0028690433513151215
1424,0.0043463764253294426
1425,0.0053909076248291445
1426,0.002423923114612415
1427,0.0016175792813952672
1428,0.003951767858377049
1429,0.003329329957192489
1430,0.0020628677251490427
1431,0.003430909071612733
1433,0.004137118143821333
1434,0.0033470993787831213
1435,0.004456430257268622
1436,0.0025781130014243463
1437,0.0042942127368117925
1438,0.0035172706114608024
1439,0.004586547685533686
1440,0.001638766194285787
1441,0.0019396997688319437
1442,0.0018363136129220298
1443,0.004418864057089524
1444,0.0038395162425577303
1445,0.001284338419264155
1447,0.0021359550349224184
1448,0.003862190341119631
1449,0.004046051708537352
1450,0.006056806289556939
1451,0.0022677465701200763
1452,0.006015380710583055
1453,0.0027967130591155585
1454,0.002365507085683382
1455,0.0028861615644004504
1456,0.002592237592533782
1457,0.0035711613257497278
1458,0.006705505326615827
1459,0.0021016498264189534
1460,0.0031995108139440454
1461,0.002167203888070583
1462,0.006549796718656246
1463,0.0019355125856925337
1464,0.0020421547339605846
