,pi_i
1102,0.00204541991055482
1103,0.003822457289331678
1104,0.003025158722732246
1105,0.0009896340273062888
1106,0.002448741266911748
1107,0.0022297431531543453
1108,0.0009039801957685027
1110,0.002949102555878771
1111,0.0018910846292697484
1112,0.004628648457986591
1113,0.006034166406369593
1114,0.0027487246323550994
1115,0.0015529051163459613
1116,0.0027949061339034905
1117,0.002106640496418109
1119,0.0017161443601121146
1120,0.004016166309414568
1122,0.0024906187512660875
1123,0.002176710127090467
1124,0.004524403236086945
1125,0.003112851152697559
1126,0.0018050202821840518
1127,0.0025282484833053197
1129,0.002548373669758372
1130,0.004354702098029596
1131,0.0024379293306039645
1132,0.002836886566670027
1133,0.0030769633711038823
1135,0.00152156001640576
1136,0.0013103499713612587
1137,0.001634212627287023
1138,0.0032929601156342176
1139,0.0045525830716254025
1140,0.005465405810328275
1141,0.002082617974354676
1142,0.0017383992745872035
1143,0.004921201636118554
1144,0.0018378972381300287
1145,0.0021994700094830786
1146,0.0011632468380594874
1147,0.0021880771893067114
1148,0.0019224340420812892
1149,0.0013310845646028863
1150,0.0027252894049925574
1151,0.002382867761607585
1152,0.0021407621410988943
1153,0.0036629037860368024
1154,0.002343589090790292
1155,0.005483076083297323
1156,0.004281468540495148
1157,0.0016684725890818153
1158,0.003073124558376062
1159,0.0015539921748939914
1160,0.002393103530215469
1161,0.002320150445829408
1162,0.001635844824468588
1163,0.006868748853350213
1164,0.0020994581545824838
1165,0.0030451280743442476
1166,0.0043418718856182295
1167,0.0017070313286095457
1168,0.0024981685263650625
1169,0.00306637295969561
1170,0.0011641997124665425
1171,0.001280919694073339
1172,0.004511535864275718
1173,0.003953467268344893
1174,0.002351622010535582
1175,0.0015743537785655412
1176,0.0023093860400251113
1177,0.0025048738294928727
1178,0.0019316839401255026
1179,0.0028226380538680968
1180,0.002610092559906579
1181,0.00734499890293627
1182,0.0038169297037018643
1183,0.0018645704608268412
1184,0.0025898608365644516
1185,0.0015907777330253705
1186,0.001993736055491979
1187,0.0019941513683888936
1188,0.0010786838931734321
1189,0.0016611624695259677
1190,0.0034599254010269937
1191,0.0028147503006683955
1192,0.0013017905929606716
1193,0.002654198732507572
1194,0.0019767242942967853
1195,0.0015467254940978788
1196,0.004850120974849704
1197,0.0014129468318393099
1198,0.0018822339491256041
1199,0.00503367335034955
1200,0.0011722262974653702
1201,0.002563960182844319
1202,0.0012425212459992283
1203,0.002249121325959961
1204,0.0014968173785971297
1205,0.002097207338442574
1206,0.003689790766340978
1207,0.004554199230080012
1208,0.0022937400453934423
1209,0.0020889229989251063
1210,0.0032586727570341908
1211,0.006691681796823544
1212,0.0009763220137050309
1214,0.0020092968930639967
1216,0.0017145215937454429
1217,0.0018516016439116
1218,0.0021139600123986435
1219,0.0014390931024467373
1220,0.002484612868598858
1221,0.0025398243192173184
1222,0.004159549211089742
1223,0.0012482969382213215
1224,0.0013302246555848963
1225,0.002617208438367005
1226,0.0024868193684230927
1227,0.0029905277190573416
1228,0.00530683452767729
1229,0.00438461999681211
1231,0.0020970314000907063
1232,0.0023468136378149156
1233,0.002613560095937822
1234,0.003481460249443014
1235,0.0029820823862412196
1236,0.002216873912827178
1237,0.0023765451427254594
1238,0.0023653074861204326
1239,0.0031041821797895696
1240,0.0018741610882881566
1241,0.002978118991515411
1242,0.006252603788133093
1243,0.004521283319912436
1244,0.001125079469399878
1245,0.0030548133094094477
1246,0.004766399235401333
1247,0.0031047898407846075
1248,0.0014522935422880035
1249,0.0019856068040867703
1250,0.0018542950193601799
1251,0.002498458807383156
1252,0.0025774548535320665
1253,0.0026327001335254546
1254,0.002070531832770756
1255,0.0013810003120643026
1256,0.002757169450922586
1257,0.006773017721129753
1258,0.0013888048165911675
1259,0.002287429733975938
1260,0.0021329186796465375
1261,0.004466096261757002
1263,0.001595108586250628
1264,0.0022532940584033415
1265,0.002186596548352054
1266,0.0055141213245938
1267,0.002491960994720957
1268,0.004289537369130215
1269,0.0026913983558556763
1270,0.0020589586040414497
1271,0.0010811580018712085
1272,0.007851576076984768
1273,0.0022859923531369916
1274,0.004152197457760988
1275,0.0035436063235929553
1276,0.004403525305912582
1277,0.005710268056834947
1278,0.004270836988033158
1279,0.003274324519899734
1280,0.004215215325042066
1281,0.006765131787642717
1282,0.0019192632514606139
1283,0.002385974650350596
1284,0.0014690979018787873
1285,0.0023508235215603367
1286,0.0022773687047509157
1287,0.0029049014771262375
1288,0.0031008863719165034
1290,0.0014392848749344277
1291,0.003199352150858525
1292,0.0026511427972593063
1293,0.0028775704859652224
1294,0.0024582269844531045
1295,0.004383622752485881
1296,0.001626264303095671
1298,0.0022951846796383972
1299,0.0016967993440910442
1300,0.0008632814491235964
1301,0.0035872069402278018
1304,0.003742894011997604
1305,0.0032379719795369868
1306,0.001781949690688462
1307,0.004535701204125449
1308,0.0030646972730498114
1309,0.0016642600355758137
1310,0.004484417979118339
1311,0.0024829535479728593
1312,0.0008158376100739663
1313,0.0017130432353228153
1314,0.007939771466160822
1315,0.000819638992073797
1316,0.001125451423099034
1317,0.002665769794214633
1318,0.003162120724563683
1319,0.0018792620283210352
1320,0.003749902585273
1321,0.0037264291039870827
1322,0.0012154856179792924
1323,0.004538433343180764
1324,0.003724134029393331
1325,0.0028296179309811403
1326,0.0045163186975003536
1328,0.006076939666738112
1329,0.005006611463762511
1330,0.0030933579438051683
1331,0.0036633000796198623
1332,0.0025110639953060563
1333,0.002733426708178946
1334,0.0030759967655394137
1335,0.001762152848166455
1336,0.0038837965633216564
1337,0.001530871279600976
1338,0.007242903977471082
1339,0.0032397077000116898
1340,0.0035358878591277647
1341,0.0017637753369785442
1342,0.0019489108517060211
1343,0.0016778265519935666
1344,0.003638592059609664
1345,0.005911165032889295
1346,0.0019514255939102867
1347,0.0024806890345168173
1348,0.004385097046359076
1349,0.0021208327391881434
1350,0.0032885995605452314
1351,0.002607448506253957
1352,0.0031871492788372747
1353,0.0027032773577620175
1354,0.0016634799805887801
1355,0.0024821345522695
1356,0.0025794400656956764
1357,0.0025737733488617204
1358,0.0026661928727514275
1359,0.002033815247059175
1360,0.0026216356046538315
1361,0.004526194450824332
1362,0.0020362240982733817
1363,0.0021930689316562823
1364,0.0025479124151612056
1365,0.002883430956196712
1366,0.0012688016022643306
1367,0.0016538646621287701
1368,0.0021367294692900786
1369,0.001182739852492589
1370,0.0020150305391571474
1371,0.0034666366112064426
1372,0.0030869464922021225
1373,0.004342263901108656
1374,0.0021312945847889197
1375,0.002540045736747246
1376,0.003800505032668064
1377,0.0009675652309655163
1378,0.0028846823323295913
1379,0.0026310319346259316
1380,0.0013055640388285503
1381,0.002295393828678531
1382,0.002339444968417836
1383,0.0017229676794290687
1384,0.0013598187728099938
1385,0.0029231880581070077
1386,0.003320500874609253
1387,0.0027272615027659
1388,0.0040472117954923606
1389,0.0019084410726700615
1390,0.004154589425416787
1391,0.0018483340257045042
1392,0.0022352802151579913
1393,0.006107461542393473
1394,0.002690093101573601
1395,0.0027935288411410734
1396,0.004841575241819333
1397,0.005106753953090958
1398,0.0017272786407838497
1399,0.0020067482463053303
1400,0.005245142361106225
1401,0.004276439854140815
1402,0.0020781322885534814
1403,0.0032833428879388542
1404,0.0028402720242323098
1405,0.0017774715318812984
1406,0.0022506930339587935
1407,0.002328117022034315
1408,0.0024460923785890923
1409,0.004217144646022247
1410,0.0011556367420921647
1411,0.001601364548189153
1412,0.004545610296071747
1413,0.0023843756145608052
1414,0.002239288627409074
1415,0.00214754564816664
1416,0.002786507284649343
1417,0.006583173895966081
1418,0.0018446244735456452
1419,0.0015707171039187472
1420,0.0020180310731442133
1421,0.001760977738836076
1422,0.0013085874289088348
1423,0.001535005316250628
1424,0.00396206141923999
1425,0.00505886350773116
1426,0.0027430236800358655
1427,0.0024439834195784864
1428,0.0051255610930168545
1429,0.004603979841763604
1430,0.0020375037297223238
1431,0.00369369966850329
1433,0.004398007969266665
1434,0.0021524717365729797
1435,0.003604391074664094
1436,0.003455689551355954
1437,0.0058015985330329275
1438,0.002860945010297482
1439,0.004228402479544297
1440,0.002598285922920852
1441,0.002081299533092755
1442,0.0017093767067490361
1443,0.003375674824532415
1444,0.0021244655192328428
1445,0.0010981008543511615
1447,0.001814950211235528
1448,0.0055127871643172125
1449,0.005787520506354711
1450,0.004359549724430679
1451,0.003057324776437235
1452,0.006839890350227524
1453,0.003983416285569161
1454,0.0026394189116737145
1455,0.0030213132803377715
1456,0.0019649763751891053
1457,0.0017192659273870025
1458,0.004544545389714418
1459,0.002099895527308516
1460,0.0036129548063436774
1461,0.0027271676295686493
1462,0.0053594611689952824
1463,0.0018866520209674855
1464,0.002049376840923822
