,pi_i
1102,0.001859300011778594
1103,0.0033191387731755615
1104,0.003938659160154682
1105,0.000901898742947788
1106,0.0015150160862431757
1107,0.0017843728324791958
1108,0.0007445071541970127
1110,0.001719308754927059
1111,0.003100250018625561
1112,0.0034248238470967487
1113,0.00444890052107492
1114,0.0015958424420283502
1115,0.002402583498024755
1116,0.0029919055393193956
1117,0.0021617721441051113
1119,0.0018104403861312433
1120,0.0031375525718923083
1122,0.00236610239390171
1123,0.001967010438578629
1124,0.006064290233574454
1125,0.0030310301754558717
1126,0.0017609546408566311
1127,0.0016364179698020503
1129,0.0027049002514887045
1130,0.0037791094350149313
1131,0.0029386392426946745
1132,0.0021410961649719826
1133,0.003032368391038037
1135,0.001720203444561991
1136,0.000916266429257559
1137,0.002012302854075161
1138,0.0024904732280899363
1139,0.005215134480726364
1140,0.006835091492686272
1141,0.0023310991518310136
1142,0.001997845970569599
1143,0.005796999016085181
1144,0.0024187435601946447
1145,0.0025027283237079455
1146,0.0013946771744394984
1147,0.0011243963270593106
1148,0.0015633903565261404
1149,0.001433185052409516
1150,0.003303540038466843
1151,0.0019211936539143262
1152,0.0010259275987690019
1153,0.004410475826793587
1154,0.002330828194597105
1155,0.005256334008595194
1156,0.002662036411126493
1157,0.002778553706403568
1158,0.0028089495323211163
1159,0.0016219524316527921
1160,0.0032315312915943773
1161,0.0026542470578562465
1162,0.0015940681882681375
1163,0.004706007243624952
1164,0.0013013536215057432
1165,0.00442695945175772
1166,0.0029848376924720716
1167,0.0016300461150352628
1168,0.0023036506813427747
1169,0.0022446878422079145
1170,0.0015136552336731583
1171,0.0010334387838769911
1172,0.0023298012109238806
1173,0.0047771317438728735
1174,0.0018870457336718476
1175,0.0015812123084690962
1176,0.0025961437471208747
1177,0.0026674438458085224
1178,0.003175371731072076
1179,0.002700760213489753
1180,0.002960575342956221
1181,0.00886018681091962
1182,0.00279019318591001
1183,0.002136961883914843
1184,0.0026300884102004383
1185,0.0023409666186427584
1186,0.0016046319159633434
1187,0.0017395609735060531
1188,0.000986178929457294
1189,0.0018401685928246564
1190,0.0031724053236774114
1191,0.001971232724032316
1192,0.0014681071640545145
1193,0.0033741016152653174
1194,0.0021761572006069514
1195,0.0015310784296155263
1196,0.004674643011255823
1197,0.0012190644200905738
1198,0.0016433043627609941
1199,0.00496123904718897
1200,0.0013206731192301692
1201,0.002760058794424246
1202,0.0018121475835264761
1203,0.003104842534834211
1204,0.0015416319890583163
1205,0.0009352112024455149
1206,0.0027342243718614717
1207,0.0063920782036750974
1208,0.0034667492571374752
1209,0.002360245109471117
1210,0.005357660720469224
1211,0.00473484304870251
1212,0.0009515947658052907
1214,0.002220942513349263
1216,0.0015743728565355342
1217,0.0031413415740394733
1218,0.0017837298536137846
1219,0.0014934094013337267
1220,0.003099703487812391
1221,0.0020987224341161644
1222,0.003828254645686331
1223,0.0012683652513902867
1224,0.0013168522568552364
1225,0.0026700275105905258
1226,0.0016353087713030495
1227,0.0017864076557398971
1228,0.004490946886198438
1229,0.0035733951195367044
1231,0.0024344148780835167
1232,0.002702983635332238
1233,0.0032864694762575713
1234,0.0025934203272286412
1235,0.003811077760261366
1236,0.0018268976026987655
1237,0.0032117956717804584
1238,0.001691290558741368
1239,0.0027994015585300186
1240,0.0016969250370314137
1241,0.0024460031094533804
1242,0.009373548223433456
1243,0.006580075652532047
1244,0.001841874362648909
1245,0.0036441182336978007
1246,0.006845918515403592
1247,0.002547910673983826
1248,0.0020793699013887117
1249,0.0015310051015153775
1250,0.002590850982323204
1251,0.0014766183932208585
1252,0.002506459102170911
1253,0.002994793862104311
1254,0.0018685194714301166
1255,0.0013936912813824797
1256,0.003722459439897437
1257,0.0050807557367103405
1258,0.0028431794906483327
1259,0.0023392052470251894
1260,0.002004786794683823
1261,0.0023381921584440532
1263,0.002158483460153263
1264,0.002437721105426326
1265,0.0013017555895620233
1266,0.0057601833154287
1267,0.003591614184614679
1268,0.005631460474350206
1269,0.002546638228653831
1270,0.0015779780976073942
1271,0.0014162392666323017
1272,0.004645241707769796
1273,0.002302477534842512
1274,0.004494550640792457
1275,0.0030863477305751734
1276,0.00398848692035372
1277,0.00533632749453691
1278,0.005571819493004751
1279,0.004541746227721399
1280,0.005116099699290723
1281,0.005625990461508318
1282,0.0013849587681394524
1283,0.003595613506245766
1284,0.0017460570375962018
1285,0.003396079211307628
1286,0.0022317171906545345
1287,0.0033239892931962558
1288,0.003608543122084921
1290,0.0013219663769065638
1291,0.002611296734881318
1292,0.002648017154274097
1293,0.004824322902058257
1294,0.0030867179452981346
1295,0.0016999301924770006
1296,0.0019156039780624965
1298,0.001648055996415078
1299,0.0017666179562124775
1300,0.0009342322847280167
1301,0.0043826758671780455
1304,0.003621254507739368
1305,0.0037314319705030324
1306,0.0019152506768014186
1307,0.005154138335079623
1308,0.003292652385662891
1309,0.0014083474402373348
1310,0.0033905640164170526
1311,0.001494534988722933
1312,0.0010549021073153763
1313,0.00175765749377991
1314,0.004135989692054501
1315,0.000981968382938968
1316,0.0018192962684268096
1317,0.002692653149288088
1318,0.003940713268599455
1319,0.001757622457596482
1320,0.0047119516279471646
1321,0.003956402862462297
1322,0.0012766698321049201
1323,0.005148341338510178
1324,0.0029013580468941784
1325,0.0037313893962781044
1326,0.006753904498916147
1328,0.0033007118164713203
1329,0.004846335574486508
1330,0.005291962674090917
1331,0.002889358325617774
1332,0.0029296525158514796
1333,0.0031057081923732384
1334,0.003217154729475875
1335,0.001443656935365262
1336,0.0034015444827836905
1337,0.0016169395362917822
1338,0.0050516930067371485
1339,0.003367962206622648
1340,0.0024552559025543892
1341,0.0014016201137572505
1342,0.0012222072392315605
1343,0.0026727514112101242
1344,0.0035024772852784688
1345,0.005921040879496443
1346,0.002811373025327711
1347,0.0020436960961805885
1348,0.004271495200207945
1349,0.0018321597957388907
1350,0.004964313292655111
1351,0.0027424445955208173
1352,0.002664512143873664
1353,0.0025605112568269123
1354,0.001980946586324821
1355,0.0018613170481504178
1356,0.0028298836890850022
1357,0.0017234042389549036
1358,0.0032684268941806315
1359,0.0018657385474418727
1360,0.0023107253542405354
1361,0.004716485242673358
1362,0.0020674751322502533
1363,0.0024622281248210527
1364,0.0025740420170339163
1365,0.0018694345162887118
1366,0.0011271921097962534
1367,0.0016320072194826018
1368,0.0021326184616788924
1369,0.0013529225920788257
1370,0.0024525148313236755
1371,0.004176335682982607
1372,0.0024796863368681346
1373,0.004638426690117884
1374,0.00257163212202875
1375,0.0019289338971084098
1376,0.0035074479694919545
1377,0.001736800030095217
1378,0.003889251524909547
1379,0.003273441551803266
1380,0.0009863460672780437
1381,0.00105161237039839
1382,0.0027733081237090833
1383,0.0015328104558088001
1384,0.0013737745340368208
1385,0.004042034741689231
1386,0.0024371299028756984
1387,0.0031371591859025564
1388,0.004933261253477972
1389,0.002623401381953696
1390,0.003163978800559485
1391,0.0010958256256740793
1392,0.0026133837081022946
1393,0.00728187316123855
1394,0.00261343071715807
1395,0.002422593712492558
1396,0.005592583069575879
1397,0.005223192120528349
1398,0.0020402110216675763
1399,0.001787596418774271
1400,0.006062138674571974
1401,0.005180908882991529
1402,0.0017965691837878528
1403,0.0036318469083131888
1404,0.0011379133747559755
1405,0.0013900826665647263
1406,0.0019152476224466683
1407,0.0024651261460963353
1408,0.002114605261482963
1409,0.0039615095306110475
1410,0.0014383060137015049
1411,0.0019912528462211524
1412,0.004018478468660959
1413,0.002021530675431625
1414,0.0019515661508679673
1415,0.002005447083284948
1416,0.002609521956771954
1417,0.003143892703608542
1418,0.002202103321410879
1419,0.0016999217544461768
1420,0.001305550625472641
1421,0.0013699852278482292
1422,0.001781499266456757
1423,0.0022629777604915202
1424,0.004693591212620163
1425,0.0036857229664649443
1426,0.0016638814806688622
1427,0.0022550380568961896
1428,0.0030390347392762573
1429,0.00561206015183113
1430,0.001173003196153156
1431,0.004819431338038692
1433,0.004377311842883729
1434,0.0023463746862189953
1435,0.004979578289940283
1436,0.0032801347952756492
1437,0.005917274982711611
1438,0.0036615132991926896
1439,0.004671969753625654
1440,0.001005354245013061
1441,0.002666775742748092
1442,0.001460143734575202
1443,0.003350826057334612
1444,0.002936942386374731
1445,0.001015186285131364
1447,0.0014149961916375378
1448,0.004141743705521951
1449,0.005208600130750175
1450,0.0030255143470679716
1451,0.003093963642868994
1452,0.006621722501383782
1453,0.0027342532613140974
1454,0.0031474915152929954
1455,0.0041299420150752685
1456,0.0035139164379376147
1457,0.002087679176002426
1458,0.005931884939121031
1459,0.0038947575085499027
1460,0.004118993905252648
1461,0.0019218472570907408
1462,0.005559772219618299
1463,0.0018144666674353507
1464,0.001870895370136732
