,pi_i
1102,0.002901633591213851
1103,0.003174994118670628
1104,0.004077815327794887
1105,0.0011971393439087156
1106,0.0016923104840807816
1107,0.002161738708844303
1108,0.0009336628408012894
1110,0.0026428566421701164
1111,0.002274590958030983
1112,0.005509515389897478
1113,0.0029466228925830377
1114,0.002280350579309377
1115,0.0012347370669598657
1116,0.003100760845518095
1117,0.0023594335921399284
1119,0.0018842937910095682
1120,0.0019766028002863767
1122,0.0031104145851300934
1123,0.0025240858645681316
1124,0.0034701161715334225
1125,0.006374587952072873
1126,0.0016854181288084198
1127,0.001535276317821758
1129,0.0035875828644460267
1130,0.003967367108924
1131,0.0028736867837369636
1132,0.002153139739895219
1133,0.0022213544978311214
1135,0.0019091636259082677
1136,0.0016188049305710494
1137,0.0038413737348278903
1138,0.0031293647097490698
1139,0.004578098276755977
1140,0.006796720296909314
1141,0.0018038655504057104
1142,0.002698862330195342
1143,0.0036641777015520957
1144,0.0020367936994132884
1145,0.0025061580845727586
1146,0.0010073594458127962
1147,0.0008475328300006866
1148,0.0028251015135858687
1149,0.002203640549883655
1150,0.0022829320373716306
1151,0.0018232007551286131
1152,0.0007300669212410612
1153,0.005351621839811883
1154,0.0017972178261903506
1155,0.004842126804967188
1156,0.004102044430052539
1157,0.00305746335113967
1158,0.00445485666078006
1159,0.0014145265292667107
1160,0.004483296501869321
1161,0.0036853107102371384
1162,0.002105535241106056
1163,0.006211977314249232
1164,0.0018279367099752436
1165,0.0022744496802915137
1166,0.003121684631127337
1167,0.001388391879542521
1168,0.0020451015681194206
1169,0.002202803984012318
1170,0.0012868620490779465
1171,0.001385819056814612
1172,0.0027893117237541634
1173,0.0035487957991225767
1174,0.0024214880453517556
1175,0.001683093697231713
1176,0.002091747491180974
1177,0.0021804790763623482
1178,0.003146364569912904
1179,0.0020886478908503825
1180,0.003377566605270288
1181,0.00828173139000515
1182,0.003967622638416879
1183,0.0015582361070419276
1184,0.00209250033447587
1185,0.0016285029322424512
1186,0.0018082490591475704
1187,0.0027074438109137918
1188,0.0007749542446751451
1189,0.001903809934947759
1190,0.0033933802870649986
1191,0.0022867850186507653
1192,0.001511777918058124
1193,0.003357094086075726
1194,0.00248429130963003
1195,0.0016559445389968692
1196,0.005479514239790449
1197,0.0013035239324006094
1198,0.0015858172815914734
1199,0.004418013315946064
1200,0.0015669799604234467
1201,0.002452629171214392
1202,0.0029429231119844786
1203,0.00248956194092442
1204,0.0012685091917194254
1205,0.001981434719807227
1206,0.005114437524815368
1207,0.005134622281700633
1208,0.004093100461799062
1209,0.002282000870538571
1210,0.0032431889447357798
1211,0.004744085594235156
1212,0.001355518897167624
1214,0.0024671978362426966
1216,0.0019087665698277413
1217,0.0034746906251961656
1218,0.0024233820676336235
1219,0.0015541883994286587
1220,0.002862065442009733
1221,0.0020919943431466923
1222,0.0020671798746218525
1223,0.0011495496680747751
1224,0.0011119031955936405
1225,0.002754131548551412
1226,0.0015877375004338494
1227,0.0019824291308053804
1228,0.0053131258225262434
1229,0.001984206752320378
1231,0.0035905086455639535
1232,0.003151198307103256
1233,0.0044940432900127105
1234,0.0032498062000143072
1235,0.003549938342082145
1236,0.002491536926166596
1237,0.0032236688722413406
1238,0.0018994490845469895
1239,0.002632611376026408
1240,0.0017826262262132242
1241,0.0035133319356581874
1242,0.008270037155246988
1243,0.004914091381925388
1244,0.001453720701385403
1245,0.003369528797815795
1246,0.006936021294283083
1247,0.0025567320442797183
1248,0.00218184208236284
1249,0.0018638928005414955
1250,0.0025901894322043245
1251,0.0021718640289498108
1252,0.0027555297621346185
1253,0.0034475549906126473
1254,0.003548179166527877
1255,0.0011919472472264236
1256,0.002068034727774542
1257,0.006255028032855933
1258,0.002304286733226216
1259,0.002483902158790174
1260,0.002862408548194912
1261,0.002091555524455157
1263,0.0023113469324541882
1264,0.0016830778278321234
1265,0.0015867522371308112
1266,0.005464998948813754
1267,0.003714591248627997
1268,0.004761758149391854
1269,0.002228311194853365
1270,0.0021141976418103687
1271,0.001160202786740033
1272,0.0036507263201145503
1273,0.0023918883834772925
1274,0.004266148759016894
1275,0.0025203584157099577
1276,0.004540108249068196
1277,0.004650872736990113
1278,0.004119485211819049
1279,0.0038199404286716533
1280,0.002784259371707984
1281,0.004991256364515748
1282,0.001784001137911734
1283,0.0038550707281076353
1284,0.001801338785283575
1285,0.0031940807481761393
1286,0.002049225126406003
1287,0.003664052558598116
1288,0.0020083945447050833
1290,0.001674681313641704
1291,0.002140968459221579
1292,0.002455466452203863
1293,0.00284920196096036
1294,0.0030275514716421414
1295,0.002497209552155463
1296,0.0017394013291733663
1298,0.0017989027342485558
1299,0.0016253745501664276
1300,0.001427599734679269
1301,0.003201741604415416
1304,0.004006719019007114
1305,0.0026740150777645106
1306,0.0018396686631361805
1307,0.004722268863851184
1308,0.0027805211880972025
1310,0.001733978845382104
1311,0.0017246944363088585
1312,0.001325439353943826
1313,0.0017973036859177049
1314,0.005984047675676812
1315,0.0015847806957536641
1316,0.002409056039710294
1317,0.002525453505845483
1318,0.002532229623255876
1319,0.0031135359721540315
1320,0.003007046955763395
1321,0.004070339387564036
1322,0.00178882844069187
1323,0.005948609326158096
1324,0.0046750057115152585
1325,0.0027551698408362847
1326,0.008855571220753458
1328,0.002805147613379727
1329,0.0037149881676042003
1330,0.0043623816788239955
1331,0.003430340288650371
1332,0.003302218884166006
1333,0.002681707002977397
1334,0.002813560158152013
1335,0.0023057607196179707
1336,0.004483596786842391
1337,0.002256850368166397
1338,0.006691899919440826
1339,0.0032697748755937304
1340,0.0018247812123633248
1341,0.0011432129257247946
1342,0.002196543412653275
1343,0.0034957891818494474
1344,0.0033455868774637534
1345,0.00659312898343729
1346,0.002651335649568998
1347,0.0011759157875255923
1348,0.0031952752434723153
1349,0.002626889541532135
1350,0.004892515834969691
1351,0.003508341066323285
1352,0.003076768952999403
1353,0.0037228227411718845
1354,0.0012638898962824977
1355,0.003126192395107052
1356,0.002209210251877716
1357,0.0018980720121124879
1358,0.0023027486074036433
1359,0.0015467414708295571
1360,0.001515882474590627
1361,0.0067097701900145764
1362,0.0026093540907040033
1363,0.0025507658458275694
1364,0.002980123615402153
1365,0.0026973039251157504
1366,0.0018107949840846043
1367,0.0015684024785264955
1368,0.0016915857867473077
1369,0.0016861503968771568
1370,0.0018280867083242207
1371,0.003986157206163242
1372,0.001979296489915135
1373,0.0024269022851200715
1374,0.002369500192428111
1375,0.0014123479110458958
1376,0.0028512710218404386
1377,0.0018553706211339777
1378,0.0031674913772067317
1379,0.0035977883143419095
1380,0.0007566459847472423
1381,0.0017939306551422879
1382,0.002703849207688853
1383,0.0023080997119797127
1384,0.0017663059422117508
1385,0.004770493934629827
1386,0.002636060731195681
1387,0.002735840951640053
1388,0.004552915058016908
1389,0.003246686262581246
1390,0.0032324105957981814
1391,0.0017175596347243928
1392,0.0022055810709510583
1393,0.006054576467213272
1394,0.0014313442650620875
1395,0.0028368603039387852
1396,0.004700889744404773
1397,0.004514452945562709
1398,0.0020305142354964355
1399,0.0021661158821587785
1400,0.007171158140773742
1401,0.004370656418986242
1402,0.0018662107170042685
1403,0.002893669887268456
1404,0.0016307199316174146
1405,0.001295646944776885
1406,0.0018245683887759235
1407,0.0016014491061648848
1408,0.0022333555491672727
1409,0.0034868636221745044
1410,0.0011990046362913712
1411,0.0019817800354975496
1412,0.0038035189045381125
1413,0.002017199308465152
1414,0.0024523238634777964
1415,0.0018923787415999346
1416,0.0030643068863142916
1417,0.004412666697163763
1418,0.001836483632160646
1419,0.0013275586407233237
1420,0.0011764067994176858
1421,0.002746486288363638
1422,0.0016521653859863517
1423,0.0022710429126612383
1424,0.005156769163146908
1425,0.0047953156570490745
1426,0.001749629793359089
1427,0.0021189818883559377
1428,0.0027969457312853824
1429,0.00537415100363702
1430,0.0017285329642703904
1431,0.003924694600797089
1433,0.004026258801540034
1434,0.0035598597138550916
1435,0.005254531717770756
1436,0.003014892724232769
1437,0.005084939732870466
1438,0.0031486141131358866
1439,0.004675638505428848
1440,0.0020972489065432813
1441,0.002607830034867619
1442,0.0013148571706647848
1443,0.002281243466530888
1444,0.002565517217456051
1447,0.0022551260230840534
1448,0.0018747829065382607
1449,0.006561630746333201
1450,0.004493496548524198
1451,0.0025219183205298632
1452,0.00535843341246571
1453,0.002802590795341421
1454,0.0030429060875793797
1455,0.0039410151717067625
1456,0.002293733369884339
1457,0.0020692685022936155
1458,0.005925836171779231
1459,0.0037391139735322644
1460,0.003152948671216942
1461,0.0020542916287056303
1462,0.0044658033684218884
1463,0.0023204401708215314
1464,0.001846666953393965
