,pi_i
1102,0.002135274180081325
1103,0.004123462783814199
1104,0.004745191238287785
1105,0.001106042856598099
1106,0.0014804121586957496
1107,0.0026045292502076137
1108,0.001152985128500356
1110,0.002726264112887673
1111,0.00201367972882637
1112,0.004323074270748731
1113,0.002049228740429351
1114,0.002464248959791715
1115,0.0015759778488939136
1116,0.0031258176675534044
1117,0.0027004152712936224
1119,0.0016125874567009225
1120,0.002715615741662376
1122,0.00236781902426284
1123,0.0023244378658868275
1124,0.005784146052294681
1125,0.005750428677436512
1126,0.00218231046001152
1127,0.001112176194853287
1129,0.00270531861650268
1130,0.0019012061424140117
1131,0.0025509585753822083
1132,0.0031063088507707745
1133,0.0020389133280736423
1135,0.0015131700211198512
1136,0.0013085604917764772
1137,0.003583646273556099
1138,0.003284752438716425
1139,0.0032678396936334027
1140,0.004305611479506962
1141,0.0021598718172918655
1142,0.0027995063386208633
1143,0.004718630051365055
1144,0.0023193821143184645
1145,0.0014102874695619575
1146,0.0011022554055925464
1148,0.0022489186707241714
1149,0.0025218284801434656
1150,0.0028441646737165996
1151,0.0019399623611510996
1152,0.0010436440160960098
1153,0.004785345904099476
1154,0.0012764340961281732
1155,0.003531709500917326
1156,0.0037970237655847662
1157,0.002174006702648913
1158,0.0028932323886312196
1159,0.001418444505114278
1160,0.003434640564246656
1161,0.0035070910690244146
1162,0.0023954910313110063
1163,0.004567219231925987
1164,0.0018038401806647064
1165,0.0021853782787751926
1166,0.005214063473253432
1167,0.0019929381556323027
1168,0.002594170327810686
1169,0.001391305165208685
1170,0.0014419000016771119
1171,0.0017061584012414673
1172,0.004042222498115002
1173,0.004038232418799925
1174,0.0027023672786344174
1175,0.0018519996857451768
1176,0.0037631526545767197
1177,0.002541016316409737
1178,0.003367972678641533
1179,0.002970087237001318
1180,0.004280458601197561
1181,0.005880994076735318
1182,0.0030233741606400535
1183,0.001563670511739072
1184,0.002062249862312513
1185,0.0020354893852436444
1186,0.002436561391045444
1187,0.0024994708497013754
1188,0.0012789274575618031
1189,0.0019023360872505364
1190,0.0030027682833017964
1191,0.002982490390812719
1192,0.0012780097827284984
1193,0.0035127477905390983
1194,0.0024226449505580215
1195,0.0026971481350071542
1196,0.005808676844938585
1197,0.0014350282929768824
1198,0.0020674844778310504
1199,0.005359177696108698
1200,0.0017607685482437876
1201,0.002581750039511421
1202,0.00206216028007241
1203,0.0025808453679064926
1204,0.001983691766153434
1205,0.002063632027341305
1206,0.003505908680065433
1207,0.0051007173478963335
1208,0.003193357876374154
1209,0.0036549402214746366
1210,0.002660807720194059
1211,0.004687655163938079
1212,0.0007780773745223685
1214,0.0020378832231682797
1216,0.0015055997225003085
1217,0.004168990949266022
1218,0.0021487972347440185
1219,0.002091564946069686
1220,0.002407614355425612
1221,0.002072226637921765
1222,0.002186751245930281
1223,0.001187356485383152
1224,0.0015170317510449897
1225,0.002709220138444558
1226,0.001577389701693943
1227,0.0017366942820464706
1228,0.0037792693903842592
1229,0.003607650500175864
1231,0.006118903301985756
1232,0.002974193391400189
1233,0.004540671813221736
1234,0.003420334661865776
1235,0.004676953690905481
1236,0.001862085873719475
1237,0.002361866267384026
1238,0.0013609660396931846
1239,0.0021632601368353132
1240,0.0024065488144538964
1241,0.0021877720089223396
1242,0.007096510708171732
1243,0.00499401333173042
1244,0.0014593719410700195
1245,0.003373757537363987
1246,0.008361383704795729
1247,0.0042865291202883035
1248,0.0021601472339133287
1249,0.0036787946440048533
1250,0.0042064727302345345
1251,0.0016802750797265448
1252,0.002472754598875216
1253,0.004827512757330041
1254,0.0031439726254743673
1255,0.00105486763685006
1256,0.002502567135865234
1257,0.0056852851761716085
1258,0.002710697492420778
1259,0.0032709971657332174
1260,0.0018364727978931923
1261,0.003529960030293026
1263,0.0017875113991282418
1264,0.0031842281727111057
1265,0.0019701868709729874
1266,0.005504034906609886
1267,0.003978628742214946
1268,0.002939106706895
1269,0.0038674957034979074
1270,0.0022249762370580833
1271,0.0012851897609064491
1272,0.006064883874373765
1273,0.0037018596398974875
1274,0.00421162430238174
1275,0.0024873662988994898
1276,0.004951938441502271
1277,0.007754432392174673
1278,0.0040175551481096946
1279,0.003616362934917207
1280,0.003795152778676366
1281,0.007285191718344874
1282,0.001847369113848703
1283,0.0035258341616751835
1284,0.001776307482042764
1285,0.0031709047481275855
1286,0.0015438975702483147
1287,0.0023704213014333697
1288,0.001960581806784935
1290,0.0023628563291145203
1291,0.0015794809711640666
1292,0.004178027504785057
1293,0.004300630659856061
1294,0.0017295837140107375
1295,0.002788684371797381
1296,0.0012658313613023197
1298,0.0013937486284914485
1299,0.0015902730988204092
1300,0.0022647556377883822
1301,0.004320435849360872
1303,0.0006844820057658793
1304,0.002636303179920308
1305,0.0033196760962253724
1306,0.0015979870896928184
1307,0.005497666824943352
1308,0.004373664385630179
1310,0.0022596895664074848
1311,0.0011502157214487302
1312,0.001485754108324978
1313,0.002676952508840806
1314,0.0076752554142294534
1315,0.001789660872858617
1316,0.0025106424080136346
1317,0.0025491637647654104
1318,0.0024725289405529154
1319,0.001086360106264989
1320,0.003621784131409583
1321,0.0037607537551979523
1322,0.0021210014802349763
1323,0.004370588938895416
1324,0.0028286747785018873
1325,0.004346190227986915
1326,0.00820825278103156
1328,0.0033041441439071078
1329,0.0033380010439130405
1330,0.003413185952125484
1331,0.0040690579527882685
1332,0.0035162753135024247
1333,0.0034893166946631518
1334,0.001725837948777509
1335,0.0029051273679849914
1336,0.00287060562230312
1337,0.001650464288966416
1338,0.003948641292781596
1339,0.001761236033125836
1340,0.002358478658953368
1341,0.0013985105156909489
1342,0.0018994757363120312
1343,0.0032790544644678383
1344,0.003045410872483496
1345,0.004722345542125737
1346,0.002996837184316983
1347,0.0014171389415818024
1348,0.002203116769892232
1349,0.0025432551396121377
1350,0.003361217653149075
1351,0.0023079414647324036
1352,0.0036066579527255275
1353,0.0031056421583819786
1354,0.0010693597903402906
1355,0.00444278808028092
1356,0.0020650055501579456
1357,0.002249676876647343
1358,0.0016968349918278756
1359,0.0017451921868169879
1360,0.0019581729703422425
1361,0.004004435086093006
1362,0.0029068244973651475
1363,0.0018216313559742173
1364,0.0029788740518316022
1365,0.001680216777572474
1366,0.002394638698897884
1367,0.0029814244825442883
1368,0.001414247772414135
1369,0.0021858549127853825
1370,0.0017817035325048895
1371,0.004194207081074685
1372,0.002560280954899966
1373,0.0022124912325549107
1374,0.002413427127401451
1375,0.002119934119399854
1376,0.002636353815098809
1377,0.0015426927211221791
1378,0.0037843735723493365
1379,0.003882297156605859
1380,0.0013602141041441779
1381,0.0021083513879186873
1382,0.004014587684702136
1383,0.0023473448924219748
1384,0.0015362385837017643
1385,0.0026923124670688693
1386,0.004201982452402455
1387,0.0054147642135570434
1388,0.004446437557246875
1389,0.0015498389284995936
1390,0.0038617548803191364
1391,0.0019160465921956805
1392,0.002672034293092502
1393,0.006699480091394563
1394,0.0015916589401820847
1395,0.002664845000248384
1396,0.004595236160727017
1397,0.003821295745190718
1398,0.00270223246512609
1399,0.0025993108616860754
1400,0.004885562821860264
1401,0.0030433674213713904
1402,0.0016683298160150293
1403,0.002093460971425808
1404,0.0013157060998518816
1405,0.002461899150083177
1406,0.0012753738105344583
1407,0.0017467682477109417
1408,0.0022996498571180943
1409,0.003309743699685676
1410,0.001387146654695569
1411,0.0021177843459528685
1412,0.00296553053464303
1413,0.0013191443278038346
1414,0.0019465409871814747
1415,0.0018542708763713343
1416,0.003161826661545637
1417,0.003747989093531443
1418,0.002396462583058797
1419,0.0014020217266744082
1420,0.0010876835980949662
1421,0.003127095078997845
1422,0.0018735396157981438
1423,0.0021389547408141242
1424,0.00489609170580496
1425,0.002238844814094531
1426,0.003586162508290762
1427,0.002780520777705207
1428,0.0014071629446908028
1429,0.003047062530443076
1430,0.0019135898726312505
1431,0.003036656887186482
1433,0.004577132010705281
1434,0.0030038656629158603
1435,0.005655366442429504
1436,0.003419009607464854
1437,0.0035225597973824584
1438,0.004706431802278395
1439,0.0038383149210018458
1440,0.0018465999921319395
1441,0.00232038584964106
1442,0.0026745752822304666
1443,0.002525592881903367
1444,0.0028008467551509006
1447,0.0036894572801351
1448,0.0023077697496350453
1449,0.0036840841229594796
1450,0.0028651624418552135
1451,0.0027712310040594627
1452,0.0045210203783767
1453,0.0023800999837621634
1454,0.0031439569099041362
1455,0.005875911075549975
1456,0.001716463760029498
1457,0.0020081195146132635
1458,0.006091000220927506
1459,0.0024731394990525806
1460,0.0022537735611007294
1461,0.0034758864509151807
1462,0.004308665915691097
1463,0.0025198832838888518
1464,0.002592998301289739
