,pi_i
1102,0.00307924707514391
1103,0.004285988664196536
1104,0.0038236964584123785
1105,0.001141223104319932
1106,0.0012973507925818052
1107,0.00305138545665854
1108,0.001599037741118088
1110,0.0019141797037352862
1111,0.00186562159585487
1112,0.0053287502728627
1113,0.003680700449447694
1114,0.0021219649891902575
1115,0.0016530014079838237
1116,0.003752158919076908
1117,0.002786597532444938
1119,0.002817598615909006
1120,0.002337891030064775
1122,0.0015395424659282821
1123,0.0018544037533216498
1124,0.004463702406265413
1125,0.004742323694453214
1126,0.002099229499287213
1127,0.0011259210592982278
1129,0.004098107070192612
1130,0.0032200647694863604
1131,0.0027949496005136277
1132,0.002245942100073091
1133,0.0026772412695552157
1135,0.0018939821274313025
1136,0.002514054519620147
1137,0.004435393020546765
1138,0.002635080719174918
1139,0.004477718463847597
1140,0.0038627909769434563
1141,0.00204597136545747
1142,0.002793638340940045
1143,0.0038366928674656527
1144,0.0017500470848663312
1145,0.0032745531809563687
1146,0.0015168983481255362
1148,0.001988479089344114
1149,0.0025082883531597237
1150,0.0029824369488114125
1151,0.001585006002876999
1152,0.001529672040198057
1153,0.004744028581082634
1154,0.001137608420079322
1155,0.003071453109695516
1156,0.001865918810431047
1157,0.001942548121215577
1158,0.002914931845323588
1159,0.002082031362615522
1160,0.004372913210743361
1161,0.005081109038492506
1162,0.002204104261234836
1163,0.003991855721106163
1164,0.0016696681031904276
1165,0.0019237707560877816
1166,0.006149116560606742
1167,0.0018298327127880777
1168,0.002510741828767961
1169,0.0022702120513292266
1170,0.0016613042676318344
1171,0.0017334943129287783
1172,0.004138997345750196
1173,0.0036175900141151743
1174,0.002931820902851284
1175,0.0017952980002952689
1176,0.004088319053395247
1177,0.002531540687792586
1178,0.0038747139011047274
1179,0.0029631067013292482
1180,0.002676368780584575
1181,0.006669405700800095
1182,0.0019610523685191306
1183,0.001870918084916495
1184,0.0033166371785304403
1185,0.0019447015748393418
1186,0.0016889695335839715
1187,0.0022266118025632965
1188,0.00146000342919052
1189,0.002376795708558693
1190,0.0015530435607439138
1191,0.0035687026836562414
1192,0.0012472000855980217
1193,0.003154953209775934
1194,0.0021221340029665076
1195,0.0033261147907403137
1196,0.008283773363282372
1197,0.001383655802204242
1198,0.0027618197124869796
1199,0.0031094707790238953
1200,0.0019034541743827478
1201,0.0029070623890703703
1202,0.0011454085981470272
1203,0.0029289376872295744
1204,0.001867171555592618
1205,0.002662098703253123
1206,0.0030316102586889753
1207,0.005263368737384716
1208,0.0030971420738013285
1209,0.0024175721203563505
1210,0.003118590533095373
1211,0.007282173627059211
1212,0.00049917471571512
1214,0.0019398517154117505
1216,0.002211305030727261
1217,0.0030430703830867842
1218,0.002266566348157145
1219,0.002115287742228425
1220,0.0016607468191813892
1221,0.0021712410309154906
1222,0.0024236732651646033
1223,0.0013017935865113712
1224,0.0014069436313495474
1225,0.002343312860061628
1226,0.0014423595597765997
1227,0.002629265685394431
1228,0.004659669467579188
1229,0.004293490311731963
1231,0.007919282220968165
1232,0.0034790123184077894
1233,0.0038702032060963358
1234,0.004743580416483377
1235,0.004914610057282602
1236,0.0022069676581863507
1237,0.0013015093891056025
1238,0.0014136952414631778
1239,0.001816640062435306
1240,0.002072875628320471
1241,0.0026755851121819507
1242,0.0072525178010013
1243,0.005025910139833599
1244,0.001426562759545758
1245,0.0032073455611813023
1246,0.0045728424487085405
1247,0.004055547265711659
1248,0.002763337021429156
1249,0.0011093388581906215
1250,0.0033602451784711875
1251,0.0020666017102585273
1252,0.001612596758579837
1253,0.0026487988125582823
1254,0.0026767643289452286
1255,0.0012097463501482798
1256,0.00370838640066264
1257,0.008111548996668988
1258,0.002332766911643701
1259,0.0031273704148616936
1260,0.002683819557360996
1261,0.003155942304297257
1263,0.0019015768272530483
1264,0.002837656961446425
1265,0.002170538288831845
1266,0.0046418587618553145
1267,0.002149201827838551
1268,0.004414064461505495
1269,0.0035044029983708445
1270,0.0015340158394202695
1271,0.0010642363425467465
1272,0.005017516987322287
1273,0.003069957596724801
1274,0.006019098780067784
1275,0.0020290301418135945
1276,0.006136345799240401
1277,0.005877116166332696
1278,0.005172382986685306
1279,0.005308267894845552
1280,0.001999002770799536
1281,0.005208491827885076
1282,0.0015212123665147364
1283,0.0022937341901468782
1284,0.001619053605880835
1285,0.002669519719794066
1286,0.001542673943049027
1287,0.002337501352465541
1288,0.002509530586213595
1290,0.0010816651420748858
1291,0.0024166944787396612
1292,0.005074812533666664
1293,0.002995545109496995
1294,0.001958411216793851
1295,0.0037796898899109042
1296,0.0014905702027936082
1297,0.0018486903217278725
1298,0.0016768172898559762
1299,0.0024677875728733485
1300,0.0025068421854680368
1301,0.005106738535758562
1303,0.001309655970087766
1304,0.0028799607974087406
1305,0.0025621436770413126
1306,0.001890688252642296
1307,0.005682623550940427
1308,0.003768761881200424
1309,0.0007888791567563223
1310,0.003020421074023601
1311,0.0017884458228767948
1312,0.0016805386265498485
1313,0.002456067800524709
1314,0.004865916195067922
1315,0.0018701355504347683
1316,0.002143813555979793
1317,0.002020388664115512
1318,0.002720469983062275
1319,0.0016821098175892185
1320,0.0038087190053690046
1321,0.0029037086289568094
1322,0.0028615588457753
1323,0.005004727071575818
1324,0.002558998160535037
1325,0.003829599219613745
1326,0.006403586228322067
1328,0.004286832495866184
1329,0.0051267676807054885
1330,0.0017530860181938484
1331,0.0028108876569398764
1332,0.004561609821635825
1333,0.0032400748730953416
1334,0.003294775575603483
1335,0.00210089105201152
1336,0.0025406934378219372
1337,0.0020912798074866046
1338,0.00603338425942627
1339,0.0018149288787680943
1340,0.0014225695237009637
1341,0.0014635006805480213
1342,0.001236989075441738
1343,0.002992501267096479
1344,0.0036543829852398735
1345,0.0035009874066316018
1346,0.0023896907928770395
1347,0.0017791716400546366
1348,0.002215709160814401
1349,0.001326484603711808
1350,0.0034994275233968123
1351,0.0028685794453889024
1352,0.0030326877914464974
1353,0.003137715851152645
1354,0.0011324117444335324
1355,0.003571583798475087
1356,0.002601102025847439
1357,0.0018165302851136111
1358,0.002170451953317051
1359,0.001785267746326437
1360,0.002615055300101982
1361,0.004725501644624323
1362,0.002747991464917044
1363,0.001572468072510216
1364,0.0022580695522527667
1365,0.0032800895398187426
1366,0.002446793409508889
1367,0.0024939980748256013
1368,0.0017475125639159932
1369,0.002295190726719444
1370,0.0019461504884182965
1371,0.003166419992979656
1372,0.0034483935195814084
1373,0.0017520466410087553
1374,0.0024243704152181154
1375,0.002217986946383217
1376,0.0023330705504197346
1377,0.001915374248384502
1378,0.0027626207236197044
1379,0.004305668545751642
1380,0.0025354886065842796
1381,0.0015025096706062556
1382,0.002834209774620457
1383,0.002227197056464345
1384,0.0013318027609114966
1385,0.0031091699306129796
1386,0.003596658327678335
1387,0.005294686602289286
1388,0.005005365555188151
1389,0.0018352961512538824
1390,0.004224546216210599
1391,0.0020759645122915334
1392,0.004092531811032283
1393,0.006429644896869942
1394,0.001560416187537068
1395,0.001909635001428046
1396,0.004042864781715578
1397,0.00395077970941689
1398,0.002641564113804793
1399,0.0016102031389208474
1400,0.003247896007466803
1401,0.0033941120149869287
1402,0.002043059865514523
1403,0.0018117832281011504
1404,0.0012328713141096048
1405,0.0023549916352782613
1406,0.002751371128076698
1407,0.0019154925415458242
1408,0.002784380951201171
1409,0.002481818080168581
1410,0.0013978805995913102
1411,0.0027034471414013124
1412,0.002658762485517821
1413,0.0024659109304901107
1414,0.0032624418711976353
1415,0.0015067353492074895
1416,0.0026931240502824152
1417,0.004611389377789501
1418,0.002329480187946005
1419,0.001226838916828223
1420,0.0015864340275308134
1421,0.002433816784548791
1422,0.0015949361708035013
1423,0.0016260898854384153
1424,0.004916689277013775
1425,0.0031359692298002883
1426,0.0028817717227263375
1427,0.002064157905619679
1428,0.0029867738198184886
1429,0.0029486092368790455
1430,0.0016087829618591147
1431,0.0031325667321006755
1433,0.005675696760065288
1434,0.004188391065921007
1435,0.003274298342137818
1436,0.003112031101588079
1437,0.004131708444935547
1438,0.004594552567155374
1439,0.002559915797335582
1440,0.00156453775658762
1441,0.0022262369923706856
1442,0.002606724070289832
1443,0.00282795004890321
1444,0.002775902046736044
1447,0.002530083148237977
1448,0.002715376693277473
1449,0.00358333196107311
1450,0.0031761890187216924
1451,0.0035577998277661177
1452,0.0029437568215507923
1453,0.0032590442492149876
1454,0.001726335288455945
1455,0.005356537789935887
1456,0.0022231907735236886
1457,0.0018703173651074666
1458,0.006211285197219839
1459,0.002205889515801625
1460,0.0032829635325562346
1461,0.0033502325652089915
1462,0.00350308061942547
1463,0.002396994904309226
1464,0.0024236448945851087
