,pi_i
1101,0.0008089211042204475
1102,0.0018332831542720817
1103,0.0030409116184641582
1104,0.0033620732562529452
1105,0.0015141268442928364
1106,0.0015605693074601844
1107,0.0027844268443383393
1108,0.0013510332679541111
1110,0.003504323669490917
1111,0.0012277531149237826
1112,0.007868045335724765
1113,0.004322245717129407
1114,0.0021668898121870728
1115,0.0014381652772503396
1116,0.004394666654245422
1117,0.0026531058312026603
1119,0.002253362902484148
1120,0.0027022458940758258
1122,0.0015598867592365737
1123,0.0015343176387797978
1124,0.004857251798047286
1125,0.003428899029335064
1126,0.0013696950308113422
1127,0.0013656528826938208
1129,0.0038000480574437276
1130,0.002813135564971301
1131,0.0035567484241859843
1132,0.0023245807296254904
1133,0.002254385083648565
1135,0.0025954620034722782
1136,0.002549111562518331
1137,0.002872069181120522
1138,0.002992901393462771
1139,0.0031618584700319604
1140,0.004675958531062155
1141,0.0016707257840423344
1142,0.002591740494323005
1143,0.00383765309636851
1144,0.0014173854935912984
1145,0.0033736945367580547
1146,0.0011107629236547679
1148,0.0015962029831131702
1149,0.0021193057779237963
1150,0.0024869503320242613
1151,0.001702433478275946
1152,0.001675383758511926
1153,0.005215075699076837
1154,0.001198602058386514
1155,0.004073923677428465
1156,0.00348403746160477
1157,0.0021006348687981537
1158,0.002408710389184733
1159,0.0025822500054283456
1160,0.004150503464550753
1161,0.0026796028724546347
1162,0.003023986099339103
1163,0.00526696140231161
1164,0.001742010118092577
1165,0.00120100375900666
1166,0.006405540120297277
1167,0.002264166916066209
1168,0.0020495433670811337
1169,0.002411072498571723
1170,0.001731464918662187
1171,0.0019229445906218188
1172,0.0029030582932621208
1173,0.004229496175690553
1174,0.003908631232865535
1175,0.0014770944310448103
1176,0.0028879150688614053
1177,0.002649125210988497
1178,0.002347008924498517
1179,0.002418705865929956
1180,0.0029984910463941796
1181,0.0065330048136769065
1182,0.002644802523709219
1183,0.0014254943590641187
1184,0.0029957493510571597
1185,0.003086441216895462
1186,0.00201483456115008
1187,0.002157181401418895
1188,0.0015447538374654857
1189,0.002184021413233188
1190,0.0021114563553706824
1191,0.0022510721811649457
1192,0.0017502877229804016
1193,0.002126461453539301
1194,0.0020460259119260654
1195,0.0025503685790032185
1196,0.007009565674834923
1197,0.0016709126767974723
1198,0.0017799562434597988
1199,0.004569141077265594
1200,0.0022359912654773112
1201,0.002885006910038941
1202,0.0010761848749240546
1203,0.004414040552985413
1204,0.0017550394565581462
1205,0.002089562229760897
1206,0.0028418139394820866
1207,0.003993133775673404
1208,0.003393538682663312
1209,0.003956383901251684
1210,0.0031393587536716
1211,0.005653981950801629
1212,0.0008566445100375152
1213,0.00182869734180329
1214,0.0022858324850890785
1216,0.0023669161365443337
1217,0.004690854409874055
1218,0.0026327762122099457
1219,0.0018213881429887803
1220,0.0021813746820984483
1221,0.0030003020693263067
1222,0.0028299542577723217
1223,0.001192328487081425
1224,0.0013973498519875996
1225,0.0021843872469862924
1226,0.0018959949734415956
1227,0.0018315199790913568
1228,0.004093272976294961
1229,0.0026029833913076626
1230,0.000993036247381542
1231,0.004078518254606759
1232,0.003228275644834413
1233,0.0040116237569094645
1234,0.005664554232319435
1235,0.005712303387998571
1236,0.003077624332946931
1237,0.0014001618958841668
1238,0.0018366590275805503
1239,0.0014572171081258863
1240,0.001546320124586549
1241,0.002069116211295562
1242,0.0066956138555100825
1243,0.004131407948786994
1244,0.0011965891049814052
1245,0.0024779702620430773
1246,0.005698419210708092
1247,0.0030763125069941284
1248,0.0022147612630921973
1249,0.0012578000147115784
1250,0.0023585584393180097
1251,0.0017481633653389853
1252,0.0018715688759908934
1253,0.0026540618885313332
1254,0.0016161179692291677
1255,0.0010369320979436928
1256,0.004955347566635841
1257,0.008276248216755062
1258,0.0025257194861463936
1259,0.0017211676776364068
1260,0.002141445996618135
1261,0.0038683967956192142
1262,0.0013945650807328618
1263,0.0011774534920393474
1264,0.004103949946292152
1265,0.002272144333323046
1266,0.0039540719822295425
1267,0.002112039699062866
1268,0.004138282691878596
1269,0.004470342410752319
1270,0.0015179691480009501
1271,0.0012057909460876752
1272,0.004371929597537289
1273,0.003504050347429038
1274,0.003709885674603536
1275,0.0021318776889904063
1276,0.005964434146670218
1277,0.006407210238417704
1278,0.004107169259746434
1279,0.003467618068933972
1280,0.0022299167298834863
1281,0.0038877996365866644
1282,0.001766876133471871
1283,0.002671612700445525
1284,0.002062211068271684
1285,0.002118724528297877
1286,0.0016753273275882873
1287,0.0026399622338073173
1288,0.002214264500307286
1290,0.0010800509710793258
1291,0.0024175935753033605
1292,0.003312575288065067
1293,0.002282824215212142
1294,0.002297514962291459
1295,0.0038173888276444297
1296,0.002235839780740367
1297,0.0016051157964154193
1298,0.0016563842749702535
1299,0.001423631299405695
1300,0.0038368821026586127
1301,0.0038920634800907834
1303,0.002481887598797003
1304,0.003904923519717828
1305,0.00279473856818494
1306,0.0015331128601552928
1307,0.004846248573484191
1308,0.004207661348177216
1309,0.0010866958156414794
1310,0.002105847289809696
1311,0.0014009616634723077
1312,0.0014331694415243355
1313,0.00214376968215597
1314,0.005057710142801809
1315,0.0021558917128727912
1316,0.002034803770775119
1317,0.002000644245216998
1318,0.0025392811684016654
1319,0.0020410580908785435
1320,0.003315086862084325
1321,0.003066034396215471
1322,0.0023748115250862034
1323,0.0034679030572687406
1324,0.0024367124475542213
1325,0.003277760876018306
1326,0.0059081656617282485
1328,0.0048267371896602825
1329,0.005840080785200753
1330,0.0024829453058051432
1331,0.0026506292766933113
1332,0.004950751833087145
1333,0.003306370539450081
1334,0.0025381796969365642
1335,0.001825008464182521
1336,0.0035128395605306104
1337,0.0026367493321822776
1338,0.005726323771677942
1339,0.0031906048283880917
1340,0.001803221470784852
1341,0.0015394800093578504
1342,0.0010418953709877346
1343,0.0030192738583951695
1344,0.004607912461175204
1345,0.0034616830005656097
1346,0.002962002894882374
1347,0.001994599964333905
1348,0.003066925358979784
1349,0.0014847240082597004
1350,0.003495952258083413
1351,0.0023044037884290378
1352,0.0027780401922452955
1353,0.0023308234418577337
1354,0.0012020763146584081
1355,0.002690875021570733
1356,0.0027143876679776363
1357,0.0017214956124624481
1358,0.0024213215093095114
1359,0.0014269985311466562
1360,0.0027683875062194533
1361,0.00499805379351769
1362,0.003182473047348842
1363,0.0016219690300092546
1364,0.0031077117265176112
1365,0.002674322537950562
1366,0.0018114469938756508
1367,0.002787591553500098
1368,0.001365194573854331
1369,0.0021422215599621233
1370,0.0019172887276410796
1371,0.0038858539354761083
1372,0.0038035896449328667
1373,0.002561933363067254
1374,0.004846056327417728
1375,0.001957221410362326
1376,0.003179525183044735
1377,0.0019026505040906506
1378,0.0022983098839861734
1379,0.003861740529989705
1380,0.002451971830252749
1381,0.000981641973259952
1382,0.0038393817730818596
1383,0.002610554723862869
1384,0.0016744279155518473
1385,0.004307401058280556
1386,0.0042481500787900014
1387,0.004542874848356887
1388,0.003860653330799755
1389,0.0022715437198767017
1390,0.004579156482951459
1391,0.0013151711865129283
1392,0.002853217085182094
1393,0.005277759732457073
1394,0.0019828849971888413
1395,0.0020718586932005154
1396,0.002583385531451252
1397,0.005203418245504526
1398,0.001709117117289176
1399,0.0019850390984954866
1400,0.004466206769928622
1401,0.0030410002240992173
1402,0.0017679199032595671
1403,0.0035024936084684533
1404,0.0013413251767001209
1405,0.0034735658810293654
1406,0.003102892052815774
1407,0.0019830515594359854
1408,0.0016783397563469437
1409,0.003774132564560725
1410,0.001670737027403306
1411,0.0022546071328875938
1412,0.0025148988801197364
1413,0.001414166087058464
1414,0.003407002776670818
1415,0.0017261620660435197
1416,0.0024021994299183464
1417,0.006068284365340248
1418,0.0033099133173461574
1419,0.0018731396839127459
1420,0.0015308152547114167
1421,0.002071975334416913
1422,0.0014354455614172816
1423,0.0018443345833644665
1424,0.003630256717031722
1425,0.002541018875047738
1426,0.0022204755143099596
1427,0.0013103963526902088
1428,0.004187571135293981
1429,0.002906225640085315
1430,0.0021471196264138495
1431,0.003083205405004021
1433,0.005789221564259398
1434,0.002587979896634825
1435,0.002934737965567245
1436,0.00381900084882327
1437,0.006416524869115543
1438,0.006441598188971065
1439,0.002459139894835141
1440,0.0018972267772235422
1441,0.0022247855635715436
1442,0.0018414825214918937
1443,0.0025814951520189613
1444,0.0030474125163724645
1447,0.002494011504655123
1448,0.0031115924675549815
1449,0.0032000065244518297
1450,0.0023657819837217147
1451,0.0023585576798482912
1452,0.004099719880586158
1453,0.003433297729197502
1454,0.002924330486465387
1455,0.00635723333868148
1456,0.0027193501012687813
1457,0.002150894736275113
1458,0.006057579322721432
1459,0.0023246863923428733
1460,0.002981312929226647
1461,0.003083338996387224
1462,0.0044565110529850025
1463,0.0023997935128344684
1464,0.002443759751323128
