,pi_i
1101,0.0012014743613809227
1102,0.0021943402084910043
1103,0.0034989335510650556
1104,0.003748714259976973
1105,0.0013097423181828215
1106,0.0018148156788850677
1107,0.0031419682328137012
1108,0.001136945104063107
1110,0.002880774088166929
1111,0.0017752948101783523
1112,0.008424796340414419
1113,0.0035519509868496843
1114,0.002049931731266266
1115,0.0015498042475585406
1116,0.00517233740733498
1117,0.0015947812373139914
1119,0.002041323782812528
1120,0.0029653567543547706
1122,0.0014286997844894002
1123,0.0020894692344440055
1124,0.0059106955671738405
1125,0.0028773997221773857
1126,0.0014134915628179533
1127,0.0014857856199567228
1129,0.004255505571966596
1130,0.0031012743982374927
1131,0.0021773615943553293
1132,0.0032614708798052268
1133,0.002060077102166357
1135,0.001920392085045586
1136,0.002217327424271164
1137,0.0025453131304484047
1138,0.004330948055331287
1139,0.005192734341472082
1140,0.004799530953048864
1141,0.003308058794733688
1142,0.0024783382091931394
1143,0.003030098774553493
1144,0.0016976253448232508
1145,0.0026046142772303436
1146,0.0009233358380872928
1148,0.0012793854661298444
1149,0.002103089372245546
1150,0.0030682369378156296
1151,0.0025337233947224443
1152,0.0013517640666463934
1153,0.004068998180232183
1154,0.0013540673260409052
1155,0.003259003409899477
1156,0.0032445558100607824
1157,0.0027690402840402075
1158,0.001994124513699334
1159,0.0027177369851682405
1160,0.0033226627656670602
1161,0.003917130402415263
1162,0.0024423068140431528
1163,0.00394827983362372
1164,0.001338511142042986
1165,0.002240992635096345
1166,0.0036411815673005644
1167,0.0020372609574534897
1168,0.0016689179944506046
1169,0.002056134117203528
1170,0.002197672840106119
1171,0.0023995230477894943
1172,0.004537965042025878
1173,0.004304239779269815
1174,0.0018808455362423527
1175,0.002249489263448854
1176,0.0021257244399853453
1177,0.002850928621736158
1178,0.0024550579269219364
1179,0.001738800806871676
1180,0.0018683368263473549
1181,0.007896725841167969
1182,0.0020748669760301355
1183,0.002123926561597059
1184,0.0027812519030402604
1185,0.0028667106946588306
1186,0.003163729274378079
1187,0.0021042979822598804
1188,0.001662272137417904
1189,0.002188265824301616
1190,0.0021745432097308197
1191,0.0027511991797298627
1192,0.0015072457038549376
1193,0.0018044394733058072
1194,0.0016598365008070172
1195,0.0025129807412683568
1196,0.004609320694741941
1197,0.0008305661154754784
1198,0.0019917140213024055
1199,0.0033452799870281693
1200,0.0021702313533136976
1201,0.002290757070965794
1202,0.001815799501429715
1203,0.003909982204042832
1204,0.0026476636574691483
1205,0.0023309849693661914
1206,0.002179375329182029
1207,0.004861383048639269
1208,0.004447893170525272
1209,0.004018386228244185
1210,0.0032553041561431
1211,0.007670314015717409
1212,0.0006662593187826665
1213,0.0017416142272804935
1214,0.0021949183474211527
1216,0.0019157679105837148
1217,0.002976717721767613
1218,0.0030603308579661135
1219,0.002483077139281698
1220,0.0034619023775287684
1221,0.0020854313688359115
1222,0.002276238927341629
1223,0.001291333163629657
1224,0.001968308752819343
1225,0.002062163536910311
1226,0.001544636346228723
1227,0.0018448452292829983
1228,0.004178964500752754
1229,0.0037045584836979976
1230,0.001883164049778776
1231,0.004244168254972447
1232,0.002331296031356815
1233,0.0037939130222011327
1234,0.004810661360678734
1235,0.006098215377653825
1236,0.002105103217550027
1237,0.0019392745910239543
1238,0.0018123342600978977
1239,0.0012398759052030684
1240,0.0015504021854022012
1241,0.002293104275995627
1242,0.0063184617443616895
1243,0.003724656084528863
1244,0.0012630780808180102
1245,0.003034150291127066
1246,0.01006689547432715
1247,0.003421294265337487
1248,0.0025368290587850957
1249,0.0016068303631237943
1250,0.002447908254684674
1251,0.0012445072107826775
1252,0.0016756128872333995
1253,0.003074108263449539
1254,0.0019061013406012808
1255,0.001678853493178343
1256,0.003769872660189786
1257,0.005354853071289064
1258,0.0019852490461438384
1259,0.0017154419471820473
1260,0.0026839848191627614
1261,0.004308117365016685
1262,0.0016484549839242513
1263,0.0012784821085406746
1264,0.002867588251549396
1265,0.0017610083560568735
1266,0.0032616428475367447
1267,0.0018333084243060292
1268,0.004681713665314717
1269,0.0030473571224652724
1270,0.0016178317166116929
1271,0.0024698424648812805
1272,0.0032131686649188532
1273,0.0025690712264117735
1274,0.004573208305671779
1275,0.002225846910842838
1276,0.003507248165253824
1277,0.005718841886228828
1278,0.004134754785574919
1279,0.0043850065962266795
1280,0.0026451986634944296
1281,0.0023749040582685624
1282,0.0020027416228445556
1283,0.0018197748608744675
1284,0.002722500828312741
1285,0.0025175435165908453
1286,0.0014202949769227776
1287,0.00291806490217184
1288,0.0015126038933976887
1290,0.0010562521847892173
1291,0.0021126125095992637
1292,0.002974896941394132
1293,0.003543906101582076
1294,0.0018782264082934542
1295,0.0024602432833532323
1296,0.002434647078815902
1297,0.0018878319536094652
1298,0.001938968645124348
1299,0.001396225824844075
1300,0.003046147280079229
1301,0.004642548549737816
1303,0.001841374575781537
1304,0.003047389872190776
1305,0.0017894735953133296
1306,0.002456265942701252
1307,0.002924619860971494
1308,0.0032944876990438575
1309,0.001482353379977703
1310,0.0017355873435648888
1311,0.001170275097456812
1312,0.002124360664842781
1313,0.002497314019369146
1314,0.006777473791061085
1315,0.0015197567572345612
1316,0.00302916343506147
1317,0.0019701668156091798
1318,0.003458616128492565
1319,0.0025773697536007802
1320,0.0050034944952798395
1321,0.0030679284028158915
1322,0.0020755079750797052
1323,0.0063345232973582
1324,0.002580512289634746
1325,0.0020689848983302017
1326,0.00579241904295361
1328,0.006073469463629461
1329,0.004273781345808161
1330,0.00369313917081748
1331,0.002213463871736821
1332,0.004019894883541754
1333,0.0029386486323284555
1334,0.001932585477080425
1335,0.0017344886833973593
1336,0.003686781454461157
1337,0.0032134914679109563
1338,0.0035763779136177907
1339,0.002909509335376899
1340,0.0017829945422832428
1341,0.0020266209110691245
1342,0.0012341618720742914
1343,0.002457744208651122
1344,0.004865792607842163
1345,0.00438355395981934
1346,0.002494832385564982
1347,0.002316598367441162
1348,0.0036542105880264654
1349,0.0022255598277700797
1350,0.003991195132903662
1351,0.0027138204117162154
1352,0.00259208566959335
1353,0.0024333992916259596
1354,0.0014877680142453146
1355,0.003407534294099004
1356,0.00224145230641029
1357,0.0021121545688909593
1358,0.003231112428796599
1359,0.0018701836158112805
1360,0.003202689209491576
1361,0.0046391507066314884
1362,0.0028845194524348954
1363,0.000994997805696294
1364,0.0031803074342518166
1365,0.0023232204028579987
1366,0.0012659096916383494
1367,0.002719979413909597
1368,0.0018924392544789413
1369,0.0019478773882513245
1370,0.001711854072086192
1371,0.0034480222469095655
1372,0.004328284064594567
1373,0.0020252166680955535
1374,0.004628386629936517
1375,0.0019007422733275684
1376,0.0038877473690943523
1377,0.0023112444191570568
1378,0.0018901035412342893
1379,0.0014549571080812417
1380,0.00215500391588403
1381,0.0015195143333913775
1382,0.0031037754107160233
1383,0.0028267973743124246
1384,0.00230902140630507
1385,0.004088933710474293
1386,0.002519880030844299
1387,0.0018311029571485764
1388,0.003473816756582386
1389,0.00278790621072845
1390,0.004151853458648823
1391,0.0012540682066562484
1392,0.003125439521147694
1393,0.003985662702716609
1394,0.0022851143248157845
1395,0.004111584373030219
1396,0.0037442963021920516
1397,0.0033580292241357835
1398,0.0013337865741403162
1399,0.001981064401871045
1400,0.005354440153240106
1401,0.003977033255231801
1402,0.0020710170742662512
1403,0.002688737758699057
1404,0.0023347318083157174
1405,0.0038655786040822844
1406,0.002046518292261987
1407,0.0016901520358774662
1408,0.0021191440162694466
1409,0.0033831604278189422
1410,0.001339962133498416
1411,0.0028323815777199423
1412,0.0029368923309972474
1413,0.003087074011205408
1414,0.0034306946989621206
1415,0.002101504548858558
1416,0.0016501992944837904
1417,0.00414824460213113
1418,0.0029322854237922124
1419,0.0024922103225603278
1420,0.001317041880317416
1421,0.001978128726674842
1422,0.001801855748699585
1423,0.002530073144354733
1424,0.0033215217622613855
1425,0.0025756836399976842
1426,0.0024093704798194343
1427,0.002059408338186585
1428,0.00618031896631793
1429,0.002855856372791329
1430,0.0014053004186727917
1431,0.003490678740352557
1433,0.005075750575107405
1434,0.0036457654267535544
1435,0.004120044585414066
1436,0.0029942413347651296
1437,0.008217154535351733
1438,0.007187044250941466
1439,0.0026780759783346696
1440,0.0015922775134181862
1441,0.0021980202727168285
1442,0.0011744264069987386
1443,0.002734526526130984
1444,0.002963225609577087
1447,0.0015737353575924718
1448,0.0029338397086460313
1449,0.0030134812073509334
1450,0.0023360359639280374
1451,0.0017968368561658231
1452,0.0049807140941695695
1453,0.0036465086775968924
1454,0.0019455031440199083
1455,0.005135121463008395
1456,0.0031617244375999275
1457,0.0024413353103765346
1458,0.008334292063635
1459,0.0034155698730543604
1460,0.001994256282322978
1461,0.0032695823628820166
1462,0.00539004491218625
1463,0.0035374204741750897
1464,0.001862451990512213
