,pi_i
1101,0.0012969776061686144
1102,0.0019225333761805513
1103,0.003922859918630003
1104,0.0035697460585329835
1105,0.0016392417414560288
1106,0.001800160091979068
1107,0.003368629989605617
1108,0.0013810952136134838
1110,0.0015745252397133902
1111,0.001992760429721839
1112,0.0058204564570818115
1113,0.0034044618908309673
1114,0.004403285853315124
1115,0.0014243944952064744
1116,0.003792527388485864
1117,0.0019743697566912567
1119,0.002138921221214531
1120,0.0023257152729951203
1122,0.00232521437547012
1123,0.0026511120141708175
1124,0.005203497489970712
1125,0.0031176682337169708
1126,0.0015452508896736036
1127,0.001466612334394957
1129,0.003438781079721802
1130,0.002086807070075086
1131,0.0021379698620624444
1132,0.0020997895171898048
1133,0.0013965654582623575
1135,0.0017290850134164186
1136,0.0012061874419719491
1137,0.002477226794114695
1138,0.0029860315700727864
1139,0.004598548855572737
1140,0.004539747581088497
1141,0.002579648172092719
1142,0.002136135058264952
1143,0.005272621594657943
1144,0.001482140760243537
1145,0.0023768511066986475
1146,0.001336271628136303
1148,0.0009015307810553552
1149,0.0015464039620263657
1150,0.002304857596814186
1151,0.0037442288452714345
1152,0.0011466174825454705
1153,0.004884145362784562
1154,0.0013483774894569459
1155,0.004150198917906063
1156,0.00169579253914685
1157,0.0023672810717660373
1158,0.003038066839351954
1159,0.0019196465901291772
1160,0.004142896983368876
1161,0.0028193311206413866
1162,0.0028809663481843117
1163,0.00522311197608322
1164,0.001367557280198941
1165,0.0015550222713931186
1166,0.004374954104968182
1167,0.0029970045614961414
1168,0.0017126687183966036
1169,0.0018383214891052608
1170,0.0017502118854751422
1171,0.0019187243422433744
1172,0.00298609204303766
1173,0.004171004141226554
1174,0.001774092375979096
1175,0.001048877868218604
1176,0.0023918955596709144
1177,0.002296286078344272
1178,0.002319368814080009
1179,0.001829646095040495
1180,0.0020170859262491703
1181,0.00602714034518816
1182,0.0025714592877795843
1183,0.0016965051924039039
1184,0.0023292846375614473
1185,0.002580398494938034
1186,0.002268152914051679
1187,0.0024719684590924712
1188,0.0014803830660277712
1189,0.0025763358373520327
1190,0.002912584458215403
1191,0.003952388162402333
1192,0.0018329555406911256
1193,0.0024500907281491246
1194,0.0016714300470297464
1195,0.002292808887989109
1196,0.004862029723206555
1197,0.0009391161828639013
1198,0.0020219446287658123
1199,0.004372347779239729
1200,0.002319402008005044
1201,0.003392644668696412
1202,0.002708201722663053
1203,0.003959404390780752
1204,0.002141470465903691
1205,0.0021899693977203865
1206,0.002281587685295862
1207,0.0039859337504883794
1208,0.0037609158435236334
1209,0.002345242938457246
1210,0.004255120128425513
1211,0.005280324095175212
1212,0.0011511851688216228
1213,0.0027635019364945354
1214,0.001997869608349929
1216,0.0015742272252551768
1217,0.0025204206109927436
1218,0.0037674091786381566
1219,0.0027826855900555825
1220,0.0037329206497589444
1221,0.001929671081767873
1222,0.003916154639855468
1223,0.0015725622984072074
1224,0.001427338935665545
1225,0.0022025124950014853
1226,0.0016723949868159814
1227,0.0011905364267307344
1228,0.0031991531456719902
1229,0.0029086200386179806
1230,0.001582085458687711
1231,0.006032478752373099
1232,0.002504567512286207
1233,0.003567581746462895
1234,0.00571905331973552
1235,0.005653554499764879
1236,0.0031551631753945182
1237,0.0022839937409497445
1238,0.0022582204838529117
1239,0.0017080952895913227
1240,0.001703703822846426
1241,0.0035068697266361945
1242,0.00779697564796035
1243,0.004370528761082287
1244,0.0017373783271208434
1245,0.0025165012349638517
1246,0.0067655044376474975
1247,0.0016570128717023943
1248,0.0013999817703536177
1249,0.001181766652107128
1250,0.002344787847739113
1251,0.0017625722226728457
1252,0.0018704344218898425
1253,0.003354628135516119
1254,0.0017843737483483257
1255,0.0017527444865057203
1256,0.0026441139955974777
1257,0.006284617483556514
1258,0.00209689351732524
1259,0.0016850218575821367
1260,0.002310794178196071
1261,0.003818991096788298
1262,0.0014800622747258249
1263,0.0012394505179032908
1264,0.002010928584287128
1265,0.0016323452905035996
1266,0.003375862709228668
1267,0.002868362565591457
1268,0.005541358985238868
1269,0.0025217441869193375
1270,0.0012426047537661663
1271,0.0016127976626729662
1272,0.003925413202988468
1273,0.002563911343101311
1274,0.005810596502208604
1275,0.0021215778023640883
1276,0.004331915411201022
1277,0.007764804687533511
1278,0.0023983924104328267
1279,0.0036948780367483443
1280,0.003527366105290762
1281,0.002473007188451362
1282,0.0019037932086276629
1283,0.0019760122580054756
1284,0.004414434046834307
1285,0.0026253576411772108
1286,0.0020127939521000335
1287,0.0027823870148560967
1288,0.0016721509878994143
1290,0.0014761669204853066
1291,0.002049930534409733
1292,0.0030125549043539877
1293,0.0024304821431365663
1294,0.0014229626576631597
1295,0.002918979718818937
1296,0.0024552424228827534
1297,0.0019082373003616285
1298,0.002385866381862353
1299,0.0012733053157009482
1300,0.0015239194423282865
1301,0.0038596862542246966
1303,0.002813841855676169
1304,0.003764259807885074
1305,0.002713736938880798
1306,0.00200040353561813
1307,0.0032757276563399307
1308,0.0031302075029529305
1309,0.001368413918975349
1310,0.0017890883751142768
1311,0.001370845978487291
1312,0.002207587114980036
1313,0.0021768374799082204
1314,0.007757230249946911
1315,0.00214921096675219
1316,0.0025767476871503504
1317,0.0015193392167081477
1318,0.003177762391954154
1319,0.001099138505125068
1320,0.0038780047400494124
1321,0.0037225990726470447
1322,0.0011399260233735337
1323,0.004686987160196918
1324,0.004075502547442335
1325,0.0029196022856703514
1326,0.0037231592998483625
1328,0.006708870471766865
1329,0.0035448361595263266
1330,0.0035114147723329103
1331,0.0024771291820677543
1332,0.005830699105089267
1333,0.003685761853771043
1334,0.0018305184232245606
1335,0.0017543313068275393
1336,0.002838773553163075
1337,0.0028784640390961476
1338,0.004455641191697398
1339,0.002232506266058529
1340,0.0018288210811608066
1341,0.0014255824402592606
1342,0.0014277959226085897
1343,0.003467913043281508
1344,0.004374676780214169
1345,0.006508293704257018
1346,0.0016869709891810653
1347,0.0022290349585824165
1348,0.0035039645681151027
1349,0.0016407000401842213
1350,0.0033507575835475074
1351,0.0024576883549654173
1352,0.0017114117877036256
1353,0.0015606848744048904
1354,0.001975988250887422
1355,0.003960702173690135
1356,0.002808487295025619
1357,0.0016437671084508058
1358,0.0020794631585588394
1359,0.0023156328211848994
1360,0.0015905148686869697
1361,0.004247867888920085
1362,0.001971012505126543
1363,0.0017572479803982732
1364,0.003191457867595688
1365,0.0019239951408715566
1366,0.0013186487773234575
1367,0.0013033358126413258
1368,0.0016139059817713436
1369,0.0011565359452967855
1370,0.0015367178005270324
1371,0.005058286944375859
1372,0.003804259552558977
1373,0.0033427486298802955
1374,0.005263278305012347
1375,0.002008136026823202
1376,0.0041985890234161865
1377,0.002206324276863734
1378,0.0021255052037707296
1379,0.0014202793204168447
1380,0.002392460666133863
1381,0.001154611931754541
1382,0.0034334711541332535
1383,0.001750024618381878
1384,0.0015679770208235613
1385,0.0020523963623508396
1386,0.004487322027542649
1387,0.001995086575936366
1388,0.004677187175330443
1389,0.002247166158458905
1390,0.0028943385422348935
1391,0.0016945416883641623
1392,0.0035085172502045923
1393,0.004522183850716937
1394,0.002579895183369421
1395,0.0029049685332926747
1396,0.0034623631526366056
1397,0.003696155675561859
1398,0.002505866149641166
1399,0.0022496164637624567
1400,0.004750084090896242
1401,0.005922069964860339
1402,0.0022009323230384147
1403,0.004164658364273731
1404,0.0022518655305816316
1405,0.003066632480072234
1406,0.0028129496159571164
1407,0.0017242411294374044
1408,0.002473720917509542
1409,0.0037935369259634857
1410,0.0010597267749404063
1411,0.0027923694150831465
1412,0.0031492946364788704
1413,0.001878417855332724
1414,0.0036258596216723706
1415,0.0020871285595012775
1416,0.0022245599558658106
1417,0.0037569648410350665
1418,0.0030380651549300076
1419,0.003080859487875654
1420,0.0015537784129983291
1421,0.0031991492428538083
1422,0.002135432350086713
1423,0.003691209588374347
1424,0.003234883969821895
1425,0.004473749099946653
1426,0.003835496120076397
1427,0.0012023254497547922
1428,0.004998653708396071
1429,0.002615692918202061
1430,0.001503659384875186
1431,0.0022104687995558947
1433,0.0048718023878321845
1434,0.004647754345940824
1435,0.005437081108371121
1436,0.002914484195232605
1437,0.007287808105341713
1438,0.00732113667130273
1439,0.003854783439486933
1440,0.0013770450882004176
1441,0.002387025102585241
1442,0.0017237393710510221
1443,0.0025121172782833203
1444,0.002414253864554937
1447,0.00235747656473508
1448,0.0030247148471810336
1449,0.003840134868731219
1450,0.0021360025648142563
1451,0.0029576787786558473
1452,0.007398860791787226
1453,0.0033127189803059754
1454,0.0032782176504334536
1455,0.005182478335153705
1456,0.0035004741856059732
1457,0.002746613398117438
1458,0.004580345961327389
1459,0.002517841771220694
1460,0.0030731780468831365
1461,0.0024211115958325787
1462,0.005717454381013485
1463,0.0038019315149904667
1464,0.001641024110078678
