,pi_i
1101,0.0014206523370013482
1102,0.0020191657015819087
1103,0.003470484277959936
1104,0.004185419461722251
1105,0.0008502938344708469
1106,0.0012476286105384635
1107,0.00313552610934068
1108,0.0016711929773462308
1110,0.0016667886150294497
1111,0.0017508526268534127
1112,0.0058279822378864
1113,0.0027135302029465194
1114,0.0020714485206614433
1115,0.0010407705780386594
1116,0.004697138529346703
1117,0.0031022351892259744
1119,0.002178375587536989
1120,0.0033691253855898076
1122,0.001529563156516802
1123,0.002645160667223199
1124,0.006118871119278553
1125,0.00309054005589347
1126,0.0011931266646849552
1127,0.0015417981624436582
1129,0.002979038892863825
1130,0.0025986746252947457
1131,0.0025079918686864984
1132,0.002010739800137941
1133,0.00210365814875567
1135,0.0016356643499061592
1136,0.0018516625032645741
1137,0.003900218645170864
1138,0.0028003245848731316
1139,0.005509931974873726
1140,0.0037697951362684057
1141,0.002060331262879282
1142,0.0015782602754486775
1143,0.003949765481949234
1144,0.0017372145680998026
1145,0.0027699023839593533
1146,0.001662534419799807
1148,0.001183492496640992
1149,0.0014679203326743264
1150,0.0018407299298061285
1151,0.0030136228489530442
1152,0.0013090243136976319
1153,0.006135055048471923
1154,0.0015661733074220717
1155,0.004462324504505859
1156,0.001986767709322566
1157,0.0022815157097287493
1158,0.0036027477934884194
1159,0.0020106225098133258
1160,0.003500338779876314
1161,0.003310094586869477
1162,0.001820192975721552
1163,0.003309088674278661
1164,0.0010709410888997079
1165,0.001752890852691564
1166,0.005467588189287616
1167,0.002935387061476057
1168,0.001667360273737337
1169,0.0015560260804339716
1170,0.00158524893946206
1171,0.0014761964191467472
1172,0.0033730723744502334
1173,0.004179421246932707
1174,0.0017882402189829544
1175,0.0013698240505452936
1176,0.002358275478575479
1177,0.0024908994429482223
1178,0.0016116220802904148
1179,0.0017641401800830084
1180,0.0020553539899611653
1181,0.0072780507528542576
1182,0.0020998919081943253
1183,0.001987779907934081
1184,0.0018222769836466054
1185,0.002457027794791023
1186,0.0023916347630550186
1187,0.002545671326670276
1188,0.0014452566269422963
1189,0.0028527518308935507
1190,0.00415509035259614
1191,0.0025165686717304563
1192,0.0018425258794042751
1193,0.0021725978269568963
1194,0.0016382457334366903
1195,0.003125813788756268
1196,0.006969156641765612
1197,0.0010194451911498365
1198,0.0017932272629611352
1199,0.006233524336772138
1200,0.002245383412549958
1201,0.0031270624425473203
1202,0.003304652417320461
1203,0.0029539948657804475
1204,0.002647893964862839
1205,0.0024852593385004443
1206,0.0030229712604335985
1207,0.0038730526734879907
1208,0.004080792396676732
1209,0.002932237841235028
1210,0.0034195469911123696
1211,0.008589427331143169
1212,0.0013618810867761224
1213,0.0024537640259522722
1214,0.001471306833525387
1216,0.0014032065334666438
1217,0.0026379306841337207
1218,0.0016128514027156835
1219,0.0016811582269998632
1220,0.002538845985538093
1221,0.0023834420564215306
1222,0.0040857799207730215
1223,0.0018402992534604509
1224,0.001446228103951975
1225,0.0020098785631235817
1226,0.0013244140252982985
1227,0.001995992833588828
1228,0.003493787471345326
1229,0.003984992330789715
1230,0.0013220954162649324
1231,0.004789255950910968
1232,0.0022799293512619015
1233,0.0034148531551040887
1234,0.003657488147689177
1235,0.006513936407544667
1236,0.002651405311316566
1237,0.0023480085350787907
1238,0.0014644157288116694
1239,0.0017630900226043298
1240,0.0028300414699271516
1241,0.0023056451186227876
1242,0.007003831622513228
1243,0.005116620102880064
1244,0.0020796064941979173
1245,0.003107980611695546
1246,0.007677386917505991
1247,0.002606734182361326
1248,0.0013335093963450365
1249,0.0019879731044111755
1250,0.003268183444121358
1251,0.0019507809371618265
1252,0.0026642138576501375
1253,0.002108728542781998
1254,0.00206685691656798
1255,0.0009584504059929129
1256,0.003438467071462828
1257,0.006723954198092976
1258,0.002096220397895749
1259,0.0020584015987184056
1260,0.0030046547764628253
1261,0.002310609277095866
1262,0.0017536389090607037
1263,0.001353303692711273
1264,0.001827558834945396
1265,0.0016406583510570755
1266,0.004786577146637311
1267,0.00306998054353081
1268,0.004248080390281737
1269,0.0028039686124487506
1270,0.0012019412750542142
1271,0.001710565679833852
1272,0.00322748410417186
1273,0.0025179910853771878
1274,0.004747469829397992
1275,0.0017635842185673358
1276,0.006181340097562762
1277,0.004478034209807049
1278,0.004844822112071397
1279,0.0036127937237385296
1280,0.0030895088947634724
1281,0.0024743350155220206
1282,0.0019469511673270976
1283,0.0028081639815747956
1284,0.003996465171927191
1285,0.002472854753352286
1286,0.0019926666852857263
1287,0.00217460908110652
1288,0.001320087614168052
1290,0.0012823897188454121
1291,0.002604175346438869
1292,0.004641717860522618
1293,0.0024985451962850013
1294,0.001598409055834539
1295,0.0023836991429925804
1296,0.0021123967543716354
1297,0.0028505570535019985
1298,0.0022640829060929383
1299,0.001059400817253841
1300,0.0028564684183074287
1301,0.0030110421227086456
1303,0.0025679790809439956
1304,0.002996087774294686
1305,0.0043581597741510604
1306,0.002367457537520432
1307,0.002787773441341532
1308,0.0032200778432459227
1309,0.0020987380983672112
1310,0.0021204438404961753
1311,0.0013439077780180173
1312,0.0018493756023058787
1313,0.00171053743758625
1314,0.007846766955161392
1315,0.0024655946193469997
1316,0.001979751120792708
1317,0.0013432138943542211
1318,0.0030019389024765384
1319,0.0014817218801675242
1320,0.002278407060589968
1321,0.00479829179999686
1322,0.0013628678649824266
1323,0.005874079135834739
1324,0.0031231632952757825
1325,0.0031994119283303615
1326,0.0037884248207025735
1328,0.0038774668780119565
1329,0.00578264114964553
1330,0.0029373202495340733
1331,0.0019807405852147204
1332,0.00609131309183439
1333,0.0017686210155605543
1334,0.002021939683080905
1335,0.0024258494980740073
1336,0.0034035198191506616
1337,0.0014694150922380596
1338,0.0039424570606560695
1339,0.0017996323414435486
1340,0.001934909063677078
1341,0.0016189091309862045
1342,0.0008623748638150059
1343,0.0035525152463790483
1344,0.004095459128760668
1345,0.006328283502861384
1346,0.0017687553476653714
1347,0.001683947858849903
1348,0.00460955095830403
1349,0.0028105831445898403
1350,0.003194092167358463
1351,0.0025215237535424887
1352,0.002122086665625144
1353,0.0028436085002929616
1354,0.0012578878544860447
1355,0.0025743095486238693
1356,0.002564004355062266
1357,0.001752946487523589
1358,0.001981344940860068
1359,0.0029136722242733273
1360,0.0017939891073934676
1361,0.00357749449066316
1362,0.0028445575679297026
1363,0.0018773659872183296
1364,0.001206265918240062
1365,0.0027048853093794437
1366,0.001264843126841911
1367,0.0019478625048960437
1368,0.002069576514516717
1369,0.002165477449412399
1370,0.0015207653489322467
1371,0.004307706219722665
1372,0.0020355177601288
1373,0.0029220682354729904
1374,0.006516678085164223
1375,0.001972083994140471
1376,0.004593664622651147
1377,0.0027096616153315114
1378,0.0016164818473026824
1379,0.0013316251090849062
1380,0.0016100393698647753
1381,0.0013391027523137948
1382,0.0033092112050654974
1383,0.0011434736989005918
1384,0.0020495731422917637
1385,0.0032977617949062144
1386,0.0024383963162946864
1387,0.0018317790716349416
1388,0.0053216469880443895
1389,0.0031913387232044665
1390,0.0028975432952451394
1391,0.0013916570868645415
1392,0.0022411958656308635
1393,0.004375950382802369
1394,0.0021092051685334175
1395,0.004677345085256858
1396,0.003154162247524007
1397,0.003890293537750247
1398,0.002614981121134932
1399,0.0020738868666818184
1400,0.003996211955427497
1401,0.003621440374925867
1402,0.0026348697275734166
1403,0.004487070313482665
1404,0.002301340018747406
1405,0.002962647015319295
1406,0.003246612954838183
1407,0.0032687345588393157
1408,0.0019193252540620485
1409,0.0026820978267780467
1410,0.0014840750656141858
1411,0.0027142606003831573
1412,0.0025400450481339516
1413,0.0022588049180725465
1414,0.0029028767559338103
1415,0.0013313468094140652
1416,0.003894872206582354
1417,0.006272245763267306
1418,0.0028159901283949878
1419,0.0019541133615237276
1420,0.002297861983499339
1421,0.0031388542934589515
1422,0.002891502535860143
1423,0.004418337076660127
1424,0.0018355161120132183
1425,0.003916423504234934
1426,0.0039814571283071625
1427,0.002027464236008815
1428,0.0037819028548489128
1429,0.002559679991261157
1430,0.002373677642628116
1431,0.002234487248800128
1433,0.004597234142489339
1434,0.0032180716717802238
1435,0.0048745058319898
1436,0.004056729663507016
1437,0.008234352640340713
1438,0.0065758813527475105
1439,0.004465399350770536
1440,0.0013768270594378548
1441,0.0013245988936666563
1442,0.0014333121235788073
1443,0.0021282389394008928
1444,0.0025823253574382946
1447,0.0019391221061747193
1448,0.00491526847281925
1449,0.002288949667078473
1450,0.0020844066654078556
1451,0.0024874786431204805
1452,0.008000400505494798
1453,0.0024064965938854345
1454,0.00217426827114275
1455,0.006823842230455561
1456,0.002734747367644128
1457,0.0029576743500397073
1458,0.006067203526747272
1459,0.0027643575559733176
1460,0.002529890738137689
1461,0.0025098846105358137
1462,0.004739028497161957
1463,0.002600161063346727
1464,0.0018384306941221014
