,pi_i
1101,0.0017374934369116062
1102,0.0018871488577497752
1103,0.0018420711437458135
1104,0.004579101116265099
1105,0.0009802174998683527
1106,0.0012955217295241965
1107,0.002864811324421988
1108,0.0011814127252304804
1110,0.001436989520973437
1111,0.002336450949544713
1112,0.0053667483106603926
1113,0.004456177306456235
1114,0.001792255052250475
1115,0.0017477437055172414
1116,0.0048833485869774875
1117,0.0018819005071880881
1119,0.0019171312695713035
1120,0.005654986243207308
1122,0.0021851200407096445
1123,0.0025573264902873766
1124,0.00455100692996439
1125,0.0038477692200783687
1126,0.0017288943358740611
1127,0.001683036609302864
1129,0.0040196547314383735
1130,0.004052571419344366
1131,0.0020329201980030195
1132,0.001963353872701072
1133,0.002936745945758579
1135,0.001699444703560142
1136,0.001226154828623291
1137,0.003868079967137774
1138,0.004005541023628857
1139,0.0049944601994831896
1140,0.003979319687392808
1141,0.0024704049128877787
1142,0.0014674191833019673
1143,0.0019138987045119232
1144,0.0019920615484283026
1145,0.0032087479001208573
1146,0.0024554373643711587
1148,0.0018511064618440894
1149,0.0018635661180830276
1150,0.0013403624052512279
1151,0.0017015863330519542
1152,0.000999929990399109
1153,0.007164850152496386
1154,0.0014465751745564967
1155,0.0053390756386385825
1156,0.0018503713950049736
1157,0.002240197564601885
1158,0.0031833668568716344
1159,0.00233439146285553
1160,0.003189536847202438
1161,0.002017861128684045
1162,0.001964526789086399
1163,0.0025319059198357016
1164,0.0011765949144245185
1165,0.001667466342005471
1166,0.004721909044116018
1167,0.0017765913620710562
1168,0.00246136190914991
1169,0.0013387050422003367
1170,0.001817384286647345
1171,0.0015475387550643307
1172,0.004328810513106063
1173,0.002510854654160765
1174,0.001999096075321325
1175,0.0009494936523816137
1176,0.0019339667982324743
1177,0.002928583529719284
1178,0.0013929181642568624
1179,0.00262648684962804
1180,0.002155871281916688
1181,0.007924294292325515
1182,0.002264924925999234
1183,0.0018270120281198082
1184,0.0016628725958200423
1185,0.002554476298307363
1186,0.003129939159353339
1187,0.0014204554968249145
1188,0.0014982027242857238
1189,0.002050420428195579
1190,0.0036370920701103556
1191,0.0025317650114287907
1192,0.001766937443447156
1193,0.002372073657930632
1194,0.0018385415162791158
1195,0.0029954748424620634
1196,0.005141150661022036
1197,0.001419811531638119
1198,0.0018955925930696665
1199,0.00466154467286183
1200,0.0016617426114975157
1201,0.0034560708698540897
1202,0.0034165382288861754
1203,0.0023576990692928306
1204,0.0029270681286821983
1205,0.0017767626369330463
1206,0.0022036472061775737
1207,0.002996088799042409
1208,0.004234282991292072
1209,0.003591952489423019
1210,0.003075145134419133
1211,0.006692051994205383
1212,0.0018223476954092395
1213,0.0032256526879423375
1214,0.0019577493341802867
1216,0.0021834639411495898
1217,0.0028595399029496503
1218,0.002014431350205959
1219,0.001865726125147045
1220,0.0027075914603161104
1221,0.001824886369871019
1222,0.005755298010534945
1223,0.00126588829011567
1224,0.0014456477964143052
1225,0.0027821486091981827
1226,0.0019227734764431488
1227,0.0020689676706061107
1228,0.0031442431278343856
1229,0.002752118279159883
1230,0.0009954426865346159
1231,0.0034797148567945685
1232,0.0025455267642084957
1233,0.0032853486982817696
1234,0.003436515653099407
1235,0.0031990580165942757
1236,0.002492448839339839
1237,0.0016385838207722847
1238,0.0014310809171467656
1239,0.0014454638774825353
1240,0.0030194902520577836
1241,0.0021683249995038873
1242,0.006590787467705241
1243,0.0044151280495886265
1244,0.0015335130865099685
1245,0.002299495434821927
1246,0.005595558788731744
1247,0.002778412611339424
1248,0.0017786525094939485
1249,0.0022358119362425734
1250,0.0020241563860447266
1251,0.0026530848049368927
1252,0.0026313898023900594
1253,0.002230037658530244
1254,0.00217456507055496
1255,0.0011892706243527822
1256,0.002724880383870145
1257,0.004697672486605748
1258,0.0020124017091078758
1259,0.0015965011230885044
1260,0.004350361779935083
1261,0.0038163979260610733
1262,0.0016458084020287388
1263,0.0014519817181426063
1264,0.0022845165260168766
1265,0.0015488873373708974
1266,0.00409784098553326
1267,0.003445549366193097
1268,0.0041907456826559795
1269,0.0023885630917956455
1270,0.0014723749655203213
1271,0.0009198098824979556
1272,0.002823750398963577
1273,0.002758768418389509
1274,0.0044933651215075835
1275,0.00234448756242726
1276,0.006157788096159122
1277,0.006912147960799983
1278,0.003111559354938384
1279,0.0031983601731937795
1280,0.003997085293310905
1281,0.004350607792946742
1282,0.0015850135610566078
1283,0.00314099456856478
1284,0.0026285981105475913
1285,0.003947147185659575
1286,0.0018722296006468402
1287,0.0015657645824253134
1288,0.001500507794906297
1290,0.0012470596149813
1291,0.001994680170604839
1292,0.004224170104354353
1293,0.003734307152728027
1294,0.003374950876011823
1295,0.00243120487958989
1296,0.0018494494151990732
1297,0.0033846466912961903
1298,0.00203808331483209
1299,0.001874208429363766
1300,0.001773255939058404
1301,0.004465587803204683
1303,0.0016503135054194854
1304,0.003999250291784699
1305,0.0054694574551817044
1306,0.0018125197317692228
1307,0.0033504761855634685
1308,0.00400490190859031
1309,0.0019288582393505256
1310,0.0024145742090243213
1311,0.0023083576039031805
1312,0.0017537790802078929
1313,0.0015871498522201048
1314,0.007116322795514407
1315,0.0019448009786195172
1316,0.0016681281135120045
1317,0.002415151731655778
1318,0.0034203059439068804
1319,0.0013776767979728117
1320,0.002832023434670867
1321,0.003370007254441593
1322,0.0008926136864563135
1323,0.004862495597005238
1324,0.002706150867969097
1325,0.002215369330122371
1326,0.005201145541964716
1328,0.004331483555316635
1329,0.00429199817801319
1330,0.004027581916196642
1331,0.001892020787925528
1332,0.004061903254966176
1333,0.0032787690342422323
1334,0.0024172022910676208
1335,0.0031241272268951
1336,0.004994745011505322
1337,0.001840871221573527
1338,0.002085830996971648
1339,0.0016139685531702695
1340,0.0027704366389396332
1341,0.0022073570322723108
1342,0.0014282176363569143
1343,0.0023005414143002505
1344,0.004220202937869628
1345,0.00726175075164948
1346,0.0020297235549028487
1347,0.0027817490762082537
1348,0.004442476875114397
1349,0.0015693956476734974
1350,0.002474049653393045
1351,0.003074273494945351
1352,0.0022511626041788507
1353,0.002897167658795847
1354,0.0011527621585721668
1355,0.003691381014905059
1356,0.0028093025311202112
1357,0.0016024258824906185
1358,0.00207089019939175
1359,0.001636790648152267
1360,0.0029271284227393017
1361,0.004322011780862155
1362,0.0026869873310658076
1363,0.0015141401332522547
1364,0.00307685519892465
1365,0.0015309309310245595
1366,0.001364204698991067
1367,0.0011933107571268627
1368,0.0024271190546055277
1369,0.0018125324461734766
1370,0.0022947241250825348
1371,0.0047753803616202555
1372,0.0034032833308645346
1373,0.0017565280962947975
1374,0.003775138320036524
1375,0.0021554955851341684
1376,0.0037504042748512907
1377,0.004004613668356867
1378,0.001744967069610279
1379,0.002117591182142984
1380,0.0016436933133814342
1381,0.0018508041310793966
1382,0.0039687902438971774
1383,0.0016646307607973104
1384,0.002120138401480926
1385,0.0037657010433741907
1386,0.0030702839009536013
1387,0.002627702729982697
1388,0.0047969303913227524
1389,0.0023766294585868663
1390,0.0034776554947784596
1391,0.0014841335143025134
1392,0.0023124931926538695
1393,0.0041749268117438915
1394,0.0015070872316658508
1395,0.005142703171719215
1396,0.0035658880908662548
1397,0.00582829454901495
1398,0.0020202536502046437
1399,0.002159200076684472
1400,0.0046260089475192384
1401,0.004915885237030282
1402,0.002267967681657129
1403,0.005938156567824401
1404,0.0016871693602416985
1405,0.003137697375337839
1406,0.0027942661068537274
1407,0.0027200591715834076
1408,0.002571712463278344
1409,0.00309434737535105
1410,0.001849827827965067
1411,0.0024884135093008403
1412,0.0031736346462232635
1413,0.0029499805219563454
1414,0.0029696132997040063
1415,0.0017402566460821315
1416,0.003040050404803113
1417,0.004240209490855866
1418,0.004167263957826297
1419,0.002091120656330739
1420,0.00245105547934124
1421,0.0024154602206440433
1422,0.0037759915108605863
1423,0.001921451272848864
1424,0.003637376842124229
1425,0.004664042739537465
1426,0.003375838881034445
1427,0.002490977195292427
1428,0.003672082942062238
1429,0.0029920311251106875
1430,0.0031317068000951916
1431,0.0018189955712887352
1433,0.0028239801955476057
1434,0.00260865989266032
1435,0.003332607813217936
1436,0.00418723653192134
1437,0.00883752490644935
1438,0.007755343653251094
1439,0.004766934726573018
1440,0.0012212487994859606
1441,0.001518098695535129
1442,0.001288983458287381
1443,0.004407346083670924
1444,0.002257660284214165
1447,0.0024472635738328197
1448,0.0032462954539111736
1449,0.003146546522701586
1450,0.002356838472832951
1451,0.0024053464516239284
1452,0.006161027440966552
1453,0.001794641330653523
1454,0.0023086616317933603
1455,0.005489702936567442
1456,0.002498820731771511
1457,0.002545969775722317
1458,0.0038069912841454485
1459,0.0027058548533463703
1460,0.003024989018570562
1461,0.003198254742952865
1462,0.0058528732179266504
1463,0.0023566400266817967
1464,0.0014065634624110545
