,pi_i
1101,0.002580893787571186
1102,0.0020096653851319423
1103,0.003242869222464477
1104,0.003937808815260402
1105,0.0012310932228102008
1106,0.001401068213127857
1107,0.0019355491827724813
1108,0.0009649764775180452
1110,0.002366758583340513
1111,0.002174882000229239
1112,0.0033072743933996273
1113,0.0038997431726170055
1114,0.0020448762680013634
1115,0.0016230386258019906
1116,0.003769433037988944
1117,0.0019393642761586093
1119,0.0021413453556622217
1120,0.006197340154806732
1122,0.0031258311377055955
1123,0.0031942622601063946
1124,0.004258428948728718
1125,0.0042264452209848456
1126,0.0015896667242632197
1127,0.0015242847638063633
1129,0.0028846039965388245
1130,0.0029912399455825846
1131,0.0022835901915944047
1132,0.0034446823794753384
1133,0.0027118930051904626
1135,0.0026072122391377493
1136,0.0014030718271390483
1137,0.003047289325609932
1138,0.006271675261670382
1139,0.003544014329811044
1140,0.0031908826392693934
1141,0.0031035922632867844
1142,0.001218873484631585
1143,0.0018773174125485672
1144,0.002335999833691707
1145,0.001915593843281881
1146,0.0016699048538379802
1148,0.0015553506351741666
1149,0.0024178960018692817
1150,0.0015750362302757454
1151,0.0019229169059268821
1152,0.0008129167845457082
1153,0.004787450253115294
1154,0.0017367618129900128
1155,0.004664810961205617
1156,0.0016574518243514032
1157,0.0026122526951383395
1158,0.003194474686330824
1159,0.0033313626133241805
1160,0.0038380213345990738
1161,0.002196572100649864
1162,0.0019244892416746997
1163,0.003076490243890889
1164,0.0013681907201684115
1165,0.0020589432866836973
1166,0.003922564779050081
1167,0.0019924796498450603
1168,0.0023077140453202157
1169,0.0019693536142478176
1170,0.0016373300361951005
1171,0.0020411346474112713
1172,0.0034612574034007726
1173,0.0037103574018453648
1174,0.002014088506408137
1175,0.0007986590800408164
1176,0.0014732993903463132
1177,0.002936668693851849
1178,0.0019844673998266863
1179,0.002961029370047313
1180,0.0019480427209426067
1181,0.009192842954405858
1182,0.002425909926122527
1183,0.0017517403309654383
1184,0.0019334255679465172
1185,0.0023448112383489456
1186,0.002043955595025226
1187,0.001668910640239199
1188,0.0012924945488824364
1189,0.0014919044749644697
1190,0.0038733229085262614
1191,0.002129101294408207
1192,0.002243890086272052
1193,0.001846255754136309
1194,0.0024464064120115606
1195,0.0021191813876967865
1196,0.004995488848610855
1197,0.0015956639682309754
1198,0.0019897333757909843
1199,0.006054589201279415
1200,0.0018117288293220358
1201,0.0034886491182931573
1202,0.00401652141683888
1203,0.0018233334268113995
1204,0.0033248835586539463
1205,0.0028116097716925433
1206,0.002679925125418468
1207,0.003342854226656652
1208,0.0028929532689101083
1209,0.00331482694595384
1210,0.0033046838148401373
1211,0.009163986862413405
1212,0.0018691298390960882
1213,0.003238845964207635
1214,0.0023022783559173555
1216,0.002518255239108092
1217,0.0029629950762715407
1218,0.0021577823320507753
1219,0.0021240016828411165
1220,0.0037055514641442583
1221,0.0023413069360188406
1222,0.005589520907050492
1223,0.0016950797408312591
1224,0.0016046941313105157
1225,0.0010148585407656141
1226,0.001368261977189603
1227,0.00222134509641043
1228,0.0036175908244591697
1229,0.002312671945371163
1230,0.0010151561645231073
1231,0.004465321478089515
1232,0.0020185252097170625
1233,0.0023430227438182975
1234,0.004544459202346489
1235,0.005942360954922487
1236,0.002199815116112301
1237,0.002336501604669088
1238,0.0015430109828105682
1239,0.0019956820318113968
1240,0.0034436430775603676
1241,0.0019074449585402451
1242,0.005813168936923457
1243,0.005289190218814232
1244,0.0013070042187926473
1245,0.002755389552859128
1246,0.0066265032452892956
1247,0.002006606400231755
1248,0.0016019628343997097
1249,0.0020644050038017433
1250,0.0026322231574715223
1251,0.00379857893628761
1252,0.004223034163633527
1253,0.002182239510056389
1254,0.002037887006930882
1255,0.0018398092362136038
1256,0.002986617802693893
1257,0.005543912876173201
1258,0.0026673190538359435
1259,0.0020484443445448483
1260,0.0030225038068596275
1261,0.005263509943962099
1262,0.002055394209994125
1263,0.001495669403552163
1264,0.001612245643118617
1265,0.001972079915904619
1266,0.004976990929344272
1267,0.002618058969896429
1268,0.005126107162376081
1269,0.002146107903196323
1270,0.0013075006881862865
1271,0.0009410056212675777
1272,0.0038442634110248054
1273,0.002422408158912555
1274,0.0036758014360492148
1275,0.002646970930748526
1276,0.007401984216243996
1277,0.00843094237256026
1278,0.004524983404382164
1279,0.004293175191391857
1280,0.005237778762769075
1281,0.0032868415963802355
1282,0.0019810322017475928
1283,0.002418454602157818
1284,0.0019608735708584487
1285,0.0030215351294383174
1286,0.001844215279289593
1287,0.001968661015525912
1288,0.0012923098569093646
1290,0.0010979306657033124
1291,0.0014925608264349658
1292,0.0018348085218340493
1293,0.0040565933571030995
1294,0.0022214020578386366
1295,0.0022250273519295208
1296,0.00307571982037772
1297,0.003404585420009726
1298,0.0018225441540934834
1299,0.0017740733739985853
1300,0.001789211196777733
1301,0.004979805746995893
1303,0.0024772805792015666
1304,0.004564230289004489
1305,0.005494329788989278
1306,0.0010467168148949745
1307,0.0022695017633966755
1308,0.004068511041349767
1309,0.0016933905709493576
1310,0.0017341869518285077
1311,0.0015037012760765402
1312,0.0026703907807909947
1313,0.0020444473400217334
1314,0.007974224532717657
1315,0.0015486474509299258
1316,0.002620357343894823
1317,0.002496711684810609
1318,0.0036663893596940067
1319,0.0016913104694021807
1320,0.0024285569239064163
1321,0.003453848337051686
1322,0.0011577880481188697
1323,0.0035677758153410425
1324,0.002436619118910775
1325,0.002237937762293832
1326,0.0044729245050879425
1328,0.0045379292241697474
1329,0.0032997457713779548
1330,0.003401176361316826
1331,0.0016543009236339504
1332,0.004699985507858974
1333,0.0033432344343383136
1334,0.002137324828291562
1335,0.002909407373183151
1336,0.004363121393239219
1337,0.002867037459759781
1338,0.0034423524678672025
1339,0.0014066953208412179
1340,0.0016060590795995916
1341,0.0025505907111512513
1342,0.0024978940937342006
1343,0.002100431916842078
1344,0.0036330891464760313
1345,0.006437362660824764
1346,0.002029444604760817
1347,0.0031971479004529037
1348,0.0029861238959175505
1349,0.0018673990351617648
1350,0.002295677441688621
1351,0.0023318882173115154
1352,0.0019389723733651088
1353,0.003440123241131199
1354,0.0015130513477945484
1355,0.0034143548850652764
1356,0.002821886349324833
1357,0.002167203200310355
1358,0.0024136147341234076
1359,0.003077131794147896
1360,0.0036061435634153222
1361,0.0031888613424202765
1362,0.0034784128312988116
1363,0.0010239469420993649
1364,0.002418692569552511
1365,0.0020521452429829337
1366,0.0011372907008478544
1367,0.0013567660498219345
1368,0.002038444289528372
1369,0.0015720955248451256
1370,0.0023290709222019853
1371,0.0040696724170834015
1372,0.0014031433191198852
1373,0.002094806744838768
1374,0.0028925069279237296
1375,0.0022325782849214565
1376,0.003287354452668628
1377,0.0018644448230323864
1378,0.002858501621221798
1379,0.0029722707991458237
1380,0.0014166816963768606
1381,0.0017657322999124188
1382,0.0030788147655138585
1383,0.0018537041683102727
1384,0.0019313170950293968
1385,0.003718297521282355
1386,0.002544860926602485
1387,0.0034790037398966184
1388,0.00465601799616018
1389,0.001698969576032433
1390,0.0029991866049773417
1391,0.0013287718702153875
1392,0.0027486632235907715
1393,0.004574502815685227
1394,0.001691887378152919
1395,0.0042736246001075905
1396,0.0034365050137689294
1397,0.0068149963783304965
1398,0.0015900997887684284
1399,0.0013346654888977203
1400,0.004685539540966717
1401,0.0032262022481328594
1402,0.0030913207153247853
1403,0.006352898207775221
1404,0.0016668183270184785
1405,0.003923674256461912
1406,0.0018357936886904663
1407,0.0018849901001919873
1408,0.0016133368670076878
1409,0.0028225745981213086
1410,0.0026346096349730117
1411,0.002564713402379879
1412,0.0028068035728178826
1413,0.0018635683539071305
1414,0.0038173032575994745
1415,0.001548895553459113
1416,0.0039569799545637495
1417,0.003109340452905511
1418,0.0025041535487787744
1419,0.003081757292853768
1420,0.0021925615310308885
1421,0.0010393055359479526
1422,0.0038040836357257487
1423,0.0019316591093703562
1424,0.002383133871005923
1425,0.0033398378658381633
1426,0.0027802645627802557
1427,0.002368829981980665
1428,0.0029133043013012706
1429,0.004842487800276246
1430,0.0032536026824254312
1431,0.0014784037300054973
1433,0.0044123960750537365
1434,0.0021035207354682265
1435,0.002681335630191602
1436,0.003631633193224266
1437,0.005173076090017722
1438,0.0085249696481869
1439,0.006071486093002168
1440,0.0017027677661240032
1441,0.001909584621791615
1442,0.0016761842300851988
1443,0.0033966708541344664
1444,0.002035094899703911
1447,0.0015328611036101454
1448,0.002502535674764932
1449,0.004397253718464218
1450,0.0021425355623258986
1451,0.002164482770097774
1452,0.003395567196716282
1453,0.00228625703685314
1454,0.0017432875225966533
1455,0.003177379280005877
1456,0.0021344789553140245
1457,0.002382469813311088
1458,0.006033698277581885
1459,0.005264131111122713
1460,0.003069681888446405
1461,0.0014392505466260981
1462,0.0036401476025950245
1463,0.0031825509911791797
1464,0.0018083892482422819
1465,0.0019012465969471923
1466,0.0017685046073093282
