,pi_i
1101,0.002372192593457375
1102,0.0023249377907547824
1103,0.0034642246885807464
1104,0.003992321248747166
1105,0.0012872475448543258
1106,0.001520368501040904
1107,0.0020213153573722226
1108,0.0013686465731969362
1110,0.0023513442510880865
1111,0.0027699846806528853
1112,0.005662132032349203
1113,0.003893073335870573
1114,0.003094144916175159
1115,0.0010855502057428256
1116,0.004433704454603575
1117,0.0023591606599791585
1119,0.0018369955166036007
1120,0.004605745844830167
1122,0.002728376415241313
1123,0.003062468828639808
1124,0.006061071228717066
1125,0.003800281158171855
1126,0.001743258269259985
1127,0.0012726376283296156
1129,0.003451904223430521
1130,0.0024338812447165237
1131,0.002969730543701265
1132,0.00255153683995152
1133,0.003501588217596667
1135,0.0020630529308395358
1136,0.0023919406451711656
1137,0.0023201915403337713
1138,0.0028191050830932
1139,0.004856980197349081
1140,0.005227643536823443
1141,0.0021151419124449383
1142,0.001644360647281344
1143,0.0025730632760693237
1144,0.0020359370468551784
1145,0.002228270200781825
1146,0.0017391449763193578
1148,0.0011169616936950828
1149,0.0016532082755884444
1150,0.002604330176223394
1151,0.0030150192338333176
1152,0.0005961591178133567
1153,0.004131163839719548
1154,0.0013431375916675297
1155,0.003593812096000006
1156,0.0016308128160272344
1157,0.0026391611546990484
1158,0.00267604403414429
1159,0.0034261624138248203
1160,0.004708803212868447
1161,0.0032263828030041574
1162,0.0017426725692222555
1163,0.003957003448320556
1164,0.0016684027308490215
1165,0.001691459290391346
1166,0.005194880829113754
1167,0.0017950361379964527
1168,0.00185375962526718
1169,0.0019939522576808777
1170,0.002441165745378829
1171,0.002275934259562762
1172,0.00360717735180007
1173,0.006099495588147176
1174,0.002818690710101902
1175,0.0010402299532095872
1176,0.0016728634665738738
1177,0.0033684760752582072
1178,0.0017486961949940386
1179,0.0027399756302934467
1180,0.0022494883007154022
1181,0.006537413368418443
1182,0.0033265166946649235
1183,0.002195308576926183
1184,0.001875281318822046
1185,0.002183152182776119
1186,0.003066176301998899
1187,0.0022075013770673246
1188,0.001449437379843325
1189,0.0019490042041084695
1190,0.004479363808928129
1191,0.0018692814747614185
1192,0.0018418394826684047
1193,0.0019430201934391971
1194,0.002324673763552304
1195,0.001725573861245167
1196,0.0045738985758903465
1197,0.0015315311209456836
1198,0.0026939892947960226
1199,0.005390031281424241
1200,0.0019912205966608233
1201,0.0025228725432046677
1202,0.003806236719071592
1203,0.0021283687697424623
1204,0.003169077895398606
1205,0.0024204029934615442
1206,0.002593269126476568
1207,0.0037630869959957174
1208,0.003278452247870926
1209,0.0033034219087944255
1210,0.00365626731475888
1211,0.007463183198556985
1212,0.0016791386805655195
1213,0.0017652510256151335
1214,0.0018110916468681401
1216,0.0021880896661780223
1217,0.0031558160606807452
1218,0.0021393377224705715
1219,0.0013533923582926296
1220,0.0036272260897737786
1221,0.0013428003666294487
1222,0.005232360637662103
1223,0.0012408060646023988
1224,0.0010488783225827425
1225,0.0015785923091217564
1226,0.001762361999197003
1227,0.0024766846681968597
1228,0.00456031255869317
1229,0.002156048994421226
1230,0.0011024250834333923
1231,0.0046025634103080025
1232,0.0029238788225925878
1233,0.002054702267463986
1234,0.0049538975442175205
1235,0.0035266489139708693
1236,0.0019274328588494041
1237,0.0013933433691097506
1238,0.001890567194685686
1239,0.0021654050847427836
1240,0.0018820246416670183
1241,0.0016431482782360402
1242,0.007252264027286126
1243,0.0035490391132600102
1244,0.0009509006444105766
1245,0.0030517639033036652
1246,0.004856157837844969
1247,0.0024114619316906536
1248,0.0023406351140018095
1249,0.0020493376103816294
1250,0.0018213979564767058
1251,0.0037844796637182625
1252,0.0021840785898204233
1253,0.0017453480153510135
1254,0.0021884744089063677
1255,0.0017063934766444841
1256,0.003488887862999454
1257,0.005369970994520862
1258,0.0022500064991183596
1259,0.001982840816448197
1260,0.0033423892588798584
1261,0.0045555875829106016
1262,0.0019611442113820275
1263,0.0016982131261634394
1264,0.0020660669087395134
1265,0.0016359686107062235
1266,0.004611504264538868
1267,0.0028788924571727112
1268,0.005500928647640427
1269,0.002513736371239398
1270,0.0018191403591728398
1271,0.0011542354755012451
1272,0.0040317053474592445
1273,0.002469347584424391
1274,0.003073738408003838
1275,0.0021454074943818603
1276,0.005267676841538654
1277,0.0062258767477508135
1278,0.004794582912510063
1279,0.0033753827907495463
1280,0.004180563319210249
1281,0.003413510026932897
1282,0.0018239382056672536
1283,0.0032675526772738953
1284,0.0024479016735123207
1285,0.0028388065112728536
1286,0.002247048048565489
1287,0.001680820890617599
1288,0.0014524676528273738
1290,0.0008457206394027195
1291,0.0020389427369480813
1292,0.0015525089368681958
1293,0.00307204278766787
1294,0.0036571756514546185
1295,0.0033016422532868833
1296,0.002556234763984799
1297,0.0028421797645703365
1298,0.0020376634646549663
1299,0.0018420242032660085
1300,0.0018227065010349055
1301,0.004283711496429812
1303,0.002267229602999234
1304,0.0026557250796192073
1305,0.0034978753144864123
1306,0.0019892249159673718
1307,0.0028006370027545725
1308,0.0030650591496305815
1309,0.0013131968350613627
1310,0.001956524976305717
1311,0.002378868735708095
1312,0.0018208370289792524
1313,0.0019326431602372802
1314,0.0038661608662859254
1315,0.002204681598874925
1316,0.0029024189666891726
1317,0.0034993075567852252
1318,0.0030947152081251886
1319,0.002180428840793986
1320,0.003887620032287706
1321,0.002933859941250324
1322,0.0016175911999558826
1323,0.00392943834510333
1324,0.0022497118715097846
1325,0.0025328843082787623
1326,0.005547456588443626
1328,0.00450521522491482
1329,0.0039518615145297305
1330,0.0027796291792559886
1331,0.0027985395942698955
1332,0.005341814020125664
1333,0.00353149111733515
1334,0.0029214797440592485
1335,0.0027354155550737298
1336,0.004957446049881952
1337,0.0029623192121038633
1338,0.0033404253949967247
1339,0.0017160887166126956
1340,0.0027382400956856142
1341,0.0024030818662708494
1342,0.0015412557610619533
1343,0.0023903082855120366
1344,0.004493369064922177
1345,0.004918320933109568
1346,0.002009205103315697
1347,0.002725530885235638
1348,0.003706624417908168
1349,0.0022652272200884235
1350,0.004200154332329475
1351,0.002538747515990153
1352,0.002650542970785862
1353,0.0046882451858443145
1354,0.0012396916579250226
1355,0.0031874051278906737
1356,0.0025822134873103478
1357,0.002620485634408001
1358,0.0022060528834855534
1359,0.0014914381850589307
1360,0.002017026258597313
1361,0.006077377060366509
1362,0.0038368225209619014
1363,0.0016043501580156247
1364,0.0026193381858341473
1365,0.0024420331672645327
1367,0.0016167679937994985
1368,0.0012959130583413356
1369,0.00136253947889362
1370,0.0018941530632311846
1371,0.005020890520599143
1372,0.003491714620727595
1373,0.0028523597614416875
1374,0.0034270035227349496
1375,0.0025636776515546066
1376,0.00372802547445892
1377,0.0025119485728304887
1378,0.0029773179563236645
1379,0.001725170896478448
1380,0.002002204051873977
1381,0.002888998835578424
1382,0.0029141278203483
1383,0.0018227567865619246
1384,0.002871206539029876
1385,0.0038528230474338112
1386,0.0019880288811970907
1387,0.0036809798518147975
1388,0.004478232956775598
1389,0.002518803367364458
1390,0.004315070711829946
1391,0.0019450892394018856
1392,0.0028807681437702888
1393,0.003940566685555909
1394,0.0017291234568534207
1395,0.0034188532593115526
1396,0.0031891266625784518
1397,0.003866503933619413
1398,0.002203880562509452
1399,0.001445889896370218
1400,0.00377687673929219
1401,0.002747500635703725
1402,0.0035374918362385166
1403,0.005060493633932843
1404,0.0013016186462286336
1405,0.002882235471707302
1406,0.0026438537215147215
1407,0.0017958491467066308
1408,0.0024236087664708276
1409,0.003457766072014753
1410,0.001750210809378239
1411,0.0020762952438063047
1412,0.002489543429646998
1413,0.0022329461219872206
1414,0.003375826429048411
1415,0.0022337508492192956
1416,0.0029314791540839416
1417,0.0034367580568360903
1418,0.0022763581491761866
1419,0.0017990904649346834
1420,0.001955324030298389
1421,0.0018029954033027603
1422,0.0037446373452252528
1423,0.0016179367598925724
1424,0.0032954084934849735
1425,0.003933639707608915
1426,0.0030942314154559893
1427,0.002151468400057527
1428,0.003170537280520419
1429,0.004573387004624369
1430,0.0018666955834290286
1431,0.002343982803670335
1433,0.003699610746021167
1434,0.0031346393709023967
1435,0.002635510838997275
1436,0.004158626903151483
1437,0.005106072001639934
1438,0.003948690350550921
1439,0.003281139036364771
1440,0.0020979772849257423
1441,0.002832008256643525
1442,0.0011144712366428875
1443,0.0030662058103501913
1444,0.0020490061121522106
1447,0.0013799468683939903
1448,0.003212149607989277
1449,0.004160062928872383
1450,0.003061816814980609
1451,0.0018198709189607026
1452,0.005600774777276073
1453,0.002286626141939134
1454,0.0018460369216433976
1455,0.004332546374438227
1456,0.002680789221577683
1457,0.0034792833527583843
1458,0.004972852257502871
1459,0.003211352461368492
1460,0.0030164588889020805
1461,0.002008826059233273
1462,0.004263834957042539
1463,0.004044201856569293
1464,0.002165771630628156
1465,0.0020396226532144813
1466,0.0018413018471566437
1467,0.0022843075334471152
