,pi_i
1101,0.004428653553615593
1102,0.0015734772798008934
1103,0.003277495366764169
1104,0.007920298303862887
1105,0.0008313435974765385
1106,0.0007535697461028777
1107,0.001572576656310393
1108,0.0010102857887431841
1110,0.0011187091964804136
1111,0.002497917624168829
1112,0.004842769866510173
1113,0.0031899561250816194
1114,0.002477805919918297
1115,0.001185273401852632
1116,0.006313948252737945
1117,0.0019113934417437856
1119,0.002856696030744838
1120,0.004418810145070607
1122,0.0024413804807957747
1123,0.0027712910122075305
1124,0.007882623235068824
1125,0.004406147283579238
1127,0.0012819588672359748
1129,0.004695933621212781
1130,0.0020443714976216393
1131,0.002341262511830251
1132,0.003429008984488237
1133,0.003199257322382769
1136,0.002742598323384972
1137,0.0012399930737970197
1138,0.003946216541894336
1139,0.0031931522515338422
1140,0.005495959381692902
1141,0.0015894518737044141
1142,0.0014210558782818067
1143,0.0033362492968359862
1144,0.0025706449027618743
1145,0.0012247590017345088
1146,0.0015992142653507005
1148,0.0014856369749394018
1149,0.0012680380225828212
1150,0.002264846236372864
1151,0.003173588637690208
1152,0.0002852511744770209
1153,0.002809941291646882
1154,0.002133932231030239
1155,0.0039835920542348685
1156,0.00303711849285076
1157,0.0023147740513934805
1158,0.0014301512952624412
1159,0.004045347106202139
1160,0.007378292659681105
1161,0.004080284194385526
1163,0.005020324835444486
1164,0.0017657380591217444
1166,0.006490680320313073
1167,0.0030104505593776813
1168,0.0013252034506882008
1169,0.0015938455443196531
1170,0.0018120028578897062
1172,0.0035049532926149716
1173,0.003748114998266982
1174,0.0013116391216658012
1175,0.0007985704261313681
1176,0.0010917770489295344
1177,0.002142897812763222
1178,0.0024110083366176986
1179,0.005260795194086127
1180,0.0025239887113556693
1181,0.004282460788725314
1182,0.0024364046048136697
1183,0.0020869593360808123
1184,0.003249728590421684
1185,0.0010746541845597813
1186,0.003732752589845673
1187,0.0018246537192460196
1188,0.0015795952870889893
1189,0.0019121435326502941
1190,0.0032827699487360785
1191,0.0024802699535238512
1192,0.002176255312234625
1193,0.0019990053895592975
1194,0.0023333223468770354
1195,0.0010789775355830341
1196,0.004609451966867427
1197,0.0017639446681700533
1198,0.0015982989536870392
1199,0.004833337292314249
1200,0.0009448731760515934
1201,0.0021766558394473844
1202,0.004028741671647056
1203,0.0014572651186331286
1204,0.0018936584419956967
1205,0.003164673731851635
1206,0.0025980047408184193
1207,0.004150409682664293
1208,0.003357534397284114
1209,0.002549771427001647
1210,0.00474647174468058
1211,0.01064836763526848
1212,0.0016023558080504178
1213,0.002900664411592248
1214,0.001812505947002445
1216,0.002595917056875919
1218,0.0018813089812954678
1219,0.0021327048104639312
1220,0.0026829526710240776
1221,0.0018082738824437266
1222,0.007363931770441643
1223,0.0014602204330080577
1224,0.00019730770091877202
1225,0.0012330652501925182
1226,0.0018254737931737103
1227,0.0017036660339108582
1228,0.008856239885797682
1229,0.0022768288515360225
1230,0.00117724731189382
1231,0.004826127396639257
1232,0.0032082083546844625
1233,0.0020603890189825396
1234,0.007920256748419703
1235,0.0024753298203518976
1236,0.0018438335100011752
1237,0.0014079237933981882
1238,0.0013740205809946002
1239,0.0015120398522727584
1240,0.0029847217659737042
1241,0.0020210505343674122
1242,0.0062653089650411215
1243,0.0027791781155666576
1244,0.0012133781623049186
1245,0.0033047773391969223
1246,0.004389512101651698
1247,0.0026330828932409687
1248,0.0016311028017870065
1249,0.0019665108876084922
1250,0.001274919783931246
1251,0.0034681463158000047
1252,0.0019108374431478627
1253,0.0014478689608285133
1254,0.0018480303067925502
1255,0.002624319965130619
1256,0.0043658287784590815
1257,0.0030385796847952644
1258,0.003050561216066837
1259,0.0023288841549581577
1260,0.006603722235279373
1261,0.005766244029095133
1262,0.002350368186259783
1263,0.0006207653133236662
1264,0.0014647901591881148
1265,0.0018183742741074427
1266,0.004128540791510904
1267,0.003523799733656157
1268,0.005224797914390284
1269,0.0020940192913652482
1270,0.0011219425718980716
1272,0.004616417828337293
1273,0.003846083831230559
1274,0.002936014538501391
1275,0.002492630578787169
1276,0.006982860934955941
1277,0.004317509337425493
1278,0.00465136804996899
1279,0.004747237020460124
1280,0.004391583222050434
1281,0.00454536303408017
1282,0.0020245085345776763
1283,0.003330449258905349
1284,0.0020150689521486365
1285,0.0027753098341222584
1286,0.0022873002113244297
1287,0.0034665749787477418
1288,0.0021385279796727868
1290,0.00055321273328184
1291,0.0025706531953389685
1292,0.001574515287024004
1293,0.0027368025565298357
1294,0.0018507395399230044
1295,0.0034580024337526527
1296,0.0011247393303541226
1297,0.0024810404355500074
1298,0.0025678208228677446
1299,0.0013548335072794552
1300,0.0009283139812184312
1301,0.0034839520756698755
1303,0.00184772571210117
1304,0.003241122276573199
1305,0.003830142148260865
1306,0.0015444862764552678
1307,0.001515678453880428
1308,0.0022795778042710266
1309,0.0019311851305963475
1310,0.001814612754247258
1311,0.002663653184004341
1312,0.0016188966495283182
1313,0.0023136713188375603
1314,0.005794382054857444
1315,0.002163319827468699
1316,0.0015053722733567815
1317,0.004373901125509641
1318,0.0023077356027178405
1319,0.0015869335266278078
1320,0.0025498630529943293
1321,0.003499756241780726
1322,0.0021177142934587245
1323,0.003741826051307552
1324,0.0028317910970630214
1325,0.0037295456449728537
1326,0.007408164448329588
1328,0.00498719058340788
1329,0.005996851710930885
1330,0.0027526743953623454
1331,0.003044459700397154
1332,0.0052624412369793065
1333,0.004285369794159213
1334,0.0020172220576392293
1336,0.004709031035671378
1337,0.002953233432899514
1338,0.003081643907969078
1339,0.000982063255814581
1340,0.0016557472334506364
1341,0.0018232950082170336
1342,0.0015118957526117634
1344,0.004200023290060542
1345,0.005874370744892612
1346,0.00165412461201902
1347,0.002449350440599337
1348,0.003793354856013252
1349,0.0026112189121402013
1350,0.0035334955662729116
1351,0.0016739989546750037
1352,0.00133963400855266
1353,0.004895607613879474
1354,0.0007825529809768124
1355,0.003210456149876492
1356,0.0026541030668665974
1357,0.0015477853633063538
1358,0.002687472330742011
1359,0.0015844434694492807
1360,0.0011831738036616377
1361,0.005529801639311728
1362,0.0035358354242718383
1363,0.0010407620191728935
1364,0.004235393323341116
1365,0.002166508343512084
1367,0.0016202990379871553
1368,0.001670481074427863
1369,0.0021453131368251934
1370,0.0017372696140242451
1371,0.004909886004059906
1372,0.002296063080699006
1373,0.0018623192401818678
1374,0.0027901080297843537
1375,0.002403200889018506
1376,0.002540689108954061
1377,0.0028317675316913145
1378,0.0020388763842390883
1379,0.0019727448701087474
1380,0.001325782818542381
1381,0.0026194928878093982
1382,0.0046692533958162885
1383,0.001666114560677598
1384,0.0019258276485207154
1385,0.004431386925344725
1386,0.001978381260855543
1387,0.003577279732891815
1388,0.0034752493959787412
1389,0.002552443696513299
1390,0.0044888164406894785
1391,0.0017515987758758937
1392,0.002197251065649377
1393,0.00426026635879538
1394,0.0012183586982890482
1395,0.003018183600073288
1396,0.0017735985276796143
1397,0.0055835574100744885
1398,0.0014808884078378777
1399,0.0018392294342319355
1400,0.0058147795886508095
1401,0.0020046841654090906
1402,0.0026154624893652985
1403,0.005991859600350906
1404,0.0011310471097876068
1405,0.005362676843538327
1406,0.0013218492593248042
1407,0.001949916121984602
1408,0.0024008879723452048
1409,0.0025655589986730526
1410,0.0011096661663414127
1411,0.0022324219998379187
1412,0.004214303894873543
1413,0.0015594239978903614
1414,0.0035745843558262634
1415,0.003123464930167651
1416,0.0031705281399604956
1417,0.004979535973507003
1418,0.002464834102654969
1419,0.0020476383692941175
1420,0.0025399045308786266
1421,0.002070557542596363
1422,0.00488277663289544
1423,0.0015006604674702912
1424,0.002688515465836527
1425,0.006989831926606169
1426,0.002140653505393556
1427,0.0023731588203297484
1428,0.004152465597273641
1429,0.005126542099558805
1430,0.002007487635596749
1431,0.0026878904108111616
1433,0.004954768507144846
1434,0.00286929108920098
1435,0.003370795919465967
1436,0.0019473812287053823
1437,0.005226595939406707
1438,0.00514767141493084
1439,0.00359137352796638
1440,0.0029790041666035182
1441,0.002492819295976945
1442,0.001533416207074612
1443,0.004054302560697207
1444,0.0014533229307876316
1447,0.0022127855154160173
1448,0.0021542587041019383
1449,0.0026542970953041993
1450,0.0037344444347676814
1451,0.003186688579775023
1452,0.0059104441712202515
1453,0.002067334610721177
1454,0.0022550511778734153
1455,0.0029594451578324986
1456,0.0014473767852378112
1457,0.00427013343392788
1458,0.006178926631662806
1459,0.0032193423045902042
1460,0.004335522817373846
1461,0.0026616218528732953
1462,0.003474678179773312
1464,0.002034510029479482
1465,0.0017870818586154641
1466,0.0014223024327751172
1467,0.0016904815921304753
1468,0.001744100818187641
1469,0.0011882735461095715
1470,0.0014749556615556653
1471,0.0011701082120297234
