,prob
-100,0.003176488433166706
-99,0.003350952000345077
-98,0.00353496372060476
-97,0.0037290423180124706
-96,0.003933734265172514
-95,0.004149615218793572
-94,0.004377291523978896
-93,0.004617401789887313
-92,0.004870618539435533
-91,0.0051376499357238
-90,0.005419241587864957
-89,0.005716178438879418
-88,0.006029286738283092
-87,0.006359436101939051
-86,0.00670754166166413
-85,0.007074566306975252
-84,0.007461523021223528
-83,0.007869477314193263
-82,0.008299549753033585
-81,0.008752918593137739
-80,0.009230822510284084
-79,0.009734563434997845
-78,0.010265509489677542
-77,0.010825098028548292
-76,0.01141483877994849
-75,0.012036317089819185
-74,0.012691197264538379
-73,0.013381226010416566
-72,0.014108235966236136
-71,0.014874149324164582
-70,0.015680981533190974
-69,0.01653084507791396
-68,0.017425953324037343
-67,0.01836862442029347
-66,0.019361285244703073
-65,0.02040647538108045
-64,0.021506851109492218
-63,0.02266518939196412
-62,0.023884391832091303
-61,0.02516748858433206
-60,0.026517642185642315
-59,0.02793815127873018
-58,0.029432454192567716
-57,0.03100413234188854
-56,0.03265691340322057
-55,0.03439467422055694
-54,0.03622144338906048
-53,0.03814140346024019
-52,0.040158892706850365
-51,0.04227840638036939
-50,0.04450459738835121
-49,0.04684227631325153
-48,0.04929641068856868
-47,0.05187212344237457
-46,0.054574690412626504
-45,0.057409536833142684
-44,0.06038223268391048
-43,0.06349848679460769
-42,0.06676413958600723
-41,0.0701851543304773
-40,0.0737676068102758
-39,0.07751767325098445
-38,0.08144161640746989
-37,0.08554576968144914
-36,0.08983651915334757
-35,0.09432028341695527
-34,0.09900349111370432
-33,0.10389255607450833
-32,0.10899384999132208
-31,0.1143136725581762
-30,0.11985821904268774
-29,0.12563354527416815
-28,0.13164553006363108
-27,0.13789983510436143
-26,0.14440186243928838
-25,0.15115670962315222
-24,0.15816912275319714
-23,0.16544344759156257
-22,0.17298357905523118
-21,0.18079290940471027
-20,0.18887427551978772
-19,0.1972299057087412
-18,0.20586136655513693
-17,0.21476951036248967
-16,0.22395442381007652
-15,0.23341537848143676
-14,0.24315078396880582
-13,0.253158144290065
-12,0.2634340183779051
-11,0.2739739854119691
-10,0.2847726157620718
-9,0.29582344829266727
-8,0.3071189747443209
-7,0.31865063185614206
-6,0.3304088018234938
-5,0.34238282159785544
-4,0.3545610014310647
-3,0.36693065294549887
-2,0.3794781268768672
-1,0.3921888604895809
0,0.40504743450910663
1,0.4180376392547644
2,0.4311425494939749
3,0.4443446073791498
4,0.4576257126755697
5,0.47096731934698666
6,0.48435053743946505
7,0.4977562390968783
8,0.5111651674568214
9,0.5245580471160797
10,0.5379156948221124
11,0.5512191290422922
12,0.5644496770860399
13,0.5775890785057604
14,0.5906195835790357
15,0.6035240457744395
16,0.6162860072235729
17,0.6288897763588116
18,0.6413204970258322
19,0.6535642085379296
20,0.6656078963011993
21,0.6774395328015463
22,0.6890481089022567
23,0.7004236555508941
24,0.7115572561334206
25,0.722441049839095
26,0.7330682265098802
27,0.7434330135413767
28,0.753530655477932
29,0.7633573870023164
30,0.772910400060509
31,0.7821878058854569
32,0.791188592691291
33,0.7999125798028297
34,0.8083603689659112
35,0.8165332935539868
36,0.8244333663472817
37,0.8320632265145725
38,0.8394260863760257
39,0.8465256784702636
40,0.8533662033914633
41,0.8599522788042006
42,0.8662888899861885
43,0.872381342193017
44,0.878235215085365
45,0.8838563194085655
46,0.8892506560673902
47,0.8944243776958053
48,0.8993837527824671
49,0.9041351323779536
50,0.908684919379159
51,0.913039540359815
52,0.917205419893587
53,0.921188957297399
54,0.9249965057073285
55,0.9286343533872864
56,0.9321087071614785
57,0.9354256778550225
58,0.9385912676227796
59,0.9416113590441553
60,0.9444917058610639
61,0.9472379252371588
62,0.9498554914185866
63,0.9523497306796863
64,0.9547258174410287
65,0.9569887714518126
66,0.9591434559337136
67,0.9611945765887103
68,0.9631466813790469
69,0.9650041609932394
70,0.9667712499178047
71,0.968452028040113
72,0.9700504227133749
73,0.9715702112202312
74,0.9730150235766717
75,0.9743883456230481
76,0.9756935223537356
77,0.976933761441535
78,0.9781121369171764
79,0.9792315929682814
80,0.9802949478258776
81,0.9813048977100156
82,0.9822640208092589
83,0.9831747812717596
84,0.9840395331883621
85,0.984860524550657
86,0.9856399011691812
87,0.9863797105390264
88,0.9870819056419885
89,0.9877483486760862
90,0.9883808147048024
91,0.9889809952197713
92,0.9895505016118602
93,0.9900908685466915
94,0.9906035572416212
95,0.9910899586420499
96,0.9915513964957039
97,0.9919891303241887
98,0.9924043582917
99,0.9927982199712827
100,0.9931717990094646
