,prob
-100,0.00671278223434979
-99,0.007081675148268296
-98,0.0074706876609959005
-97,0.007880899904512906
-96,0.00831344805936074
-95,0.008769527043806624
-94,0.0092503933068796
-93,0.009757367726253241
-92,0.010291838611519055
-91,0.010855264812894783
-90,0.01144917893483366
-89,0.01207519065333651
-88,0.012734990135014002
-87,0.013430351555086095
-86,0.014163136710531488
-85,0.014935298723507184
-84,0.015748885828925085
-83,0.016606045238697353
-82,0.01750902707362878
-81,0.01846018835222596
-80,0.019461997023808797
-79,0.020517036031220015
-78,0.021628007386136794
-77,0.02279773623746828
-76,0.02402917491057288
-75,0.02532540689202767
-74,0.02668965073142615
-73,0.02812526382815761
-72,0.029635746067322333
-71,0.03122474326486424
-70,0.03289605037764187
-69,0.034653614429531965
-68,0.03650153709974924
-67,0.03844407691441465
-66,0.0404856509770003
-65,0.042630836167680486
-64,0.04488436973583565
-63,0.0472511492040637
-62,0.049736231496079863
-61,0.05234483119494282
-60,0.05508231783218054
-59,0.057954212102742764
-58,0.06096618089537997
-57,0.06412403102319109
-56,0.06743370153485728
-55,0.07090125448367379
-54,0.07453286402909798
-53,0.07833480374440194
-52,0.08231343200437513
-51,0.08647517532915527
-50,0.09082650956444782
-49,0.09537393878493561
-48,0.10012397181687893
-47,0.1050830962880861
-46,0.11025775012889771
-45,0.11565429046686393
-44,0.12127895988067827
-43,0.12713785000589395
-42,0.13323686251615263
-41,0.1395816675392284
-40,0.14617765960713747
-39,0.1530299112838006
-38,0.16014312466207314
-37,0.16752158097401237
-36,0.17516908861352543
-35,0.1830889299283509
-34,0.1912838071977898
-33,0.19975578827266616
-32,0.2085062524133875
-31,0.2175358369192666
-30,0.22684438519582117
-29,0.23643089695485164
-28,0.24629348128282458
-27,0.2564293133445442
-26,0.26683459550933886
-25,0.27750452369417733
-24,0.2884332597105148
-23,0.2996139103777804
-22,0.31103851412505745
-21,0.32269803574289113
-20,0.3345823698689676
-19,0.3466803536948796
-18,0.35897978926714014
-17,0.37146747562550086
-16,0.38412925087754757
-15,0.39695004415323154
-14,0.40991393721969493
-13,0.42300423536928966
-12,0.4362035470261948
-11,0.44949387135394847
-10,0.4628566929920078
-9,0.47627308290859927
-8,0.4897238042337513
-7,0.50318942183432
-6,0.5166504143151515
-5,0.5300872870797493
-4,0.543480685061536
-3,0.5568115037437313
-2,0.5700609971217911
-1,0.5832108813261212
0,0.5962434327123609
1,0.6091415793391352
2,0.6218889848853147
3,0.6344701242065494
4,0.6468703498898046
5,0.6590759493303693
6,0.671074192023819
7,0.6828533669314092
8,0.6944028099373233
9,0.7057129215665878
10,0.7167751752702138
11,0.7275821167068608
12,0.7381273545562067
13,0.7484055434871204
14,0.758412359973115
15,0.7681444716984649
16,0.7775995013313239
17,0.7867759854561989
18,0.7956733294585269
19,0.804291759140517
20,0.812632269821613
21,0.8206965736408556
22,0.8284870457339664
23,0.8360066699070758
24,0.8432589843734816
25,0.8502480280613463
26,0.8569782879403662
27,0.8634546477555178
28,0.8696823384971849
29,0.8756668908802716
30,0.8814140900510724
31,0.8869299326903354
32,0.8922205866345274
33,0.8972923530950853
34,0.9021516315175596
35,0.9068048870890638
36,0.91125862087326
37,0.9155193425271129
38,0.9195935455326096
39,0.9234876848593369
40,0.9272081569599333
41,0.9307612819897118
42,0.9341532881338387
43,0.9373902979200773
44,0.9404783163919227
45,0.9434232210157032
46,0.9462307531955999
47,0.9489065112722943
48,0.9514559448838557
49,0.9538843505712967
50,0.9561968685157717
51,0.9583984802994912
52,0.9604940075879229
53,0.9624881116366106
54,0.9643852935318566
55,0.9661898950804846
56,0.9679061002698375
57,0.9695379372250161
58,0.971089280596064
59,0.9725638543133135
60,0.9739652346543969
61,0.975296853571465
62,0.9765620022319336
63,0.9777638347305775
64,0.9789053719350203
65,0.979989505430605
66,0.9810190015343045
67,0.98199650535072
68,0.9829245448463553
69,0.983805534921232
70,0.9846417814595534
71,0.9854354853435306
72,0.9861887464166855
73,0.9869035673849293
74,0.9875818576455195
75,0.9882254370356197
76,0.9888360394936442
77,0.9894153166278763
78,0.9899648411880146
79,0.9904861104363344
80,0.9909805494160745
81,0.9914495141154646
82,0.9918942945265216
83,0.9923161175983657
84,0.9927161500853442
85,0.9930955012907218
86,0.9934552257070947
87,0.993796325555027
88,0.9941197532216974
89,0.9944264136015841
90,0.9947171663414106
91,0.9949928279917399
92,0.9952541740677268
93,0.9955019410216357
94,0.9957368281298022
95,0.9959594992967635
96,0.9961705847793108
97,0.9963706828332256
98,0.9965603612854584
99,0.9967401590344882
100,0.9969105874815738
