,prob
-100,0.004498058978364279
-99,0.004745825932273197
-98,0.00500717200826011
-97,0.005282833658589397
-96,0.005573586398415838
-95,0.0058802467783025366
-94,0.006203674444973049
-93,0.006544774292905295
-92,0.006904498709278195
-91,0.0072838499146558565
-90,0.007683882401634346
-89,0.008105705473478435
-88,0.008550485884535457
-87,0.009019450583925464
-86,0.009513889563665563
-85,0.010035158811985374
-84,0.010584683372123671
-83,0.011163960506355848
-82,0.011774562964380253
-81,0.012418142354480438
-80,0.013096432615070697
-79,0.013811253583314505
-78,0.014564514656469399
-77,0.015358218540446592
-76,0.016194465078767952
-75,0.017075455153644743
-74,0.018003494649279937
-73,0.01898099846569542
-72,0.020010494569394976
-71,0.021094628064979783
-70,0.022236165269422483
-69,0.0234379977680664
-68,0.02470314642853496
-67,0.026034765345603166
-66,0.027436145686686546
-65,0.028910719403936025
-64,0.03046206277498389
-63,0.032093899730162544
-62,0.033810104919515416
-61,0.03561470646814338
-60,0.03751188836338937
-59,0.039505992412077036
-58,0.04160151970050885
-57,0.04380313148422833
-56,0.04611564942870326
-55,0.0485440551161443
-54,0.051093488727705715
-53,0.05376924680440007
-52,0.05657677898429677
-51,0.05952168360807735
-50,0.06260970207992268
-49,0.06584671186616128
-48,0.06923871801028829
-47,0.07279184304006675
-46,0.07651231514066319
-45,0.08040645446739038
-44,0.08448065747288716
-43,0.08874137912673993
-42,0.09319511291093614
-41,0.09784836848244041
-40,0.10270764690491478
-39,0.10777941336547263
-38,0.11307006730966464
-37,0.11858590994892758
-36,0.12433310911972838
-35,0.13031766150281512
-34,0.13654535224448222
-33,0.1430217120596337
-32,0.14975197193865378
-31,0.15674101562651843
-30,0.16399333009292413
-29,0.17151295426603358
-28,0.17930342635914442
-27,0.18736773017838707
-26,0.19570824085948296
-25,0.2043266705414731
-24,0.2132240145438012
-23,0.22240049866867606
-22,0.2318555283015351
-21,0.241587640026885
-20,0.25159445651287965
-19,0.2618726454437933
-18,0.27241788329313926
-17,0.28322482472978616
-16,0.2942870784334122
-15,0.3055971900626767
-14,0.31714663306859087
-13,0.32892580797618093
-12,0.3409240506696308
-11,0.35312965011019537
-10,0.3655298757934506
-9,0.37811101511468526
-8,0.39085842066086485
-7,0.40375656728763903
-6,0.4167891186738788
-5,0.4299390028782088
-4,0.4431884962562686
-3,0.456519314938464
-2,0.4699127129202508
-1,0.48334958568484854
0,0.49681057816568003
1,0.5102761957662487
2,0.5237269170914007
3,0.5371433070079922
4,0.5505061286460515
5,0.5637964529738052
6,0.5769957646307103
7,0.5900860627803051
8,0.6030499558467685
9,0.6158707491224524
10,0.6285325243744991
11,0.6410202107328599
12,0.6533196463051204
13,0.6654176301310324
14,0.6773019642571089
15,0.6889614858749425
16,0.7003860896222196
17,0.7115667402894852
18,0.7224954763058227
19,0.7331654044906611
20,0.7435706866554558
21,0.7537065187171754
22,0.7635691030451484
23,0.7731556148041788
24,0.7824641630807334
25,0.7914937475866125
26,0.8002442117273338
27,0.8087161928022102
28,0.8169110700716491
29,0.8248309113864746
30,0.8324784190259876
31,0.8398568753379269
32,0.8469700887161994
33,0.8538223403928625
34,0.8604183324607716
35,0.8667631374838474
36,0.872862149994106
37,0.8787210401193217
38,0.8843457095331361
39,0.8897422498711023
40,0.8949169037119139
41,0.8998760281831211
42,0.9046260612150644
43,0.9091734904355522
44,0.9135248246708447
45,0.9176865679956249
46,0.9216651962555981
47,0.925467135970902
48,0.9290987455163262
49,0.9325662984651427
50,0.9358759689768089
51,0.93903381910462
52,0.9420457878972572
53,0.9449176821678195
54,0.9476551688050572
55,0.9502637685039201
56,0.9527488507959363
57,0.9551156302641644
58,0.9573691638323195
59,0.9595143490229997
60,0.9615559230855854
61,0.9634984629002508
62,0.965346385570468
63,0.9671039496223581
64,0.9687752567351358
65,0.9703642539326777
66,0.9718747361718424
67,0.9733103492685738
68,0.9746745931079723
69,0.9759708250894271
70,0.9772022637625317
71,0.9783719926138632
72,0.97948296396878
73,0.9805380029761912
74,0.981539811647774
75,0.9824909729263712
76,0.9833939547613026
77,0.9842511141710749
78,0.9850647012764928
79,0.9858368632894685
80,0.9865696484449139
81,0.987265009864986
82,0.9879248093466635
83,0.9885508210651663
84,0.9891447351871052
85,0.989708161388481
86,0.9902426322737468
87,0.9907496066931204
88,0.9912304729561934
89,0.9916865519406393
90,0.9921191000954871
91,0.9925293123390041
92,0.9929183248517317
93,0.9932872177656502
94,0.9936370177508187
95,0.9939687005011436
96,0.9942831931211994
97,0.9945813764162339
98,0.9948640870876747
99,0.9951321198365903
100,0.9953862293776717
